V1 V2 V3
1 -1.47152029329947 -1.72829492824043 -1.21474565835852
2 -1.3727848545867 -1.59268399891645 -1.15288571025695
3 -1.27431010457389 -1.46027450568701 -1.08834570346077
4 -1.17621065756678 -1.33150584768424 -1.02091546744932
5 -1.07860112787113 -1.20693936256954 -0.95026289317272
6 -0.981596129792686 -1.08708341268782 -0.876108846897551
7 -0.885310277637194 -0.972161582607668 -0.79845897266672
8 -0.789840412698966 -0.861979439759139 -0.717701385638793
9 -0.695042089869027 -0.75654691935959 -0.633537260378464
10 -0.600596972894493 -0.656541487313928 -0.544652458475058
11 -0.50618288655201 -0.562156258195714 -0.450209514908306
12 -0.411477655618223 -0.471909851685984 -0.351045459550461
13 -0.316159104869776 -0.383227735890102 -0.24909047384945
14 -0.219904977507537 -0.293805744095457 -0.146004210919618
15 -0.122383146063256 -0.202537493516942 -0.0422287986095698
16 -0.0232423127608917 -0.109506835647947 0.063022210126164
17 0.0778710227216 -0.0147583548484406 0.170500400291641
18 0.18131036070626 0.0820890901882539 0.280531631224267
19 0.287429201515134 0.181836311829307 0.393022091200961
20 0.396581045470261 0.285508099987824 0.507653990952699
21 0.509030251459999 0.393868401939628 0.624192100980369
22 0.624520623586473 0.50627542839935 0.742765818773596
23 0.742607547469525 0.621665038244322 0.863550056694729
24 0.862846148841436 0.739241710533148 0.986450587149724
25 0.984791553434485 0.858579288582526 1.11100381828644
26 1.10799888698095 0.979558889959114 1.23643888400279
27 1.23202937882777 1.1021577980795 1.36190095957603
28 1.35658464145876 1.22602141350436 1.48714786941316
29 1.48150667049466 1.3504699641711 1.61254337681822
30 1.60664356517085 1.47492073433224 1.73836639600947
31 1.73184342472271 1.59906725405659 1.86461959538884
32 1.85695434838563 1.7228959300878 1.99101276668346
33 1.98182454310937 1.8465438154677 2.11710527075104
34 2.10638030878224 1.96999886373848 2.24276175382599
35 2.2307636972316 2.09292892893515 2.36859846552804
36 2.35515370632333 2.2149976646088 2.49530974803786
37 2.4797293339233 2.33608800703253 2.62337066081408
38 2.6046695778974 2.45633819279514 2.75300096299965
39 2.73015343611148 2.57600735459114 2.88429951763182
40 2.85634182253926 2.6951671649581 3.01751648012042
41 2.98323825431521 2.81317085208956 3.15330565654087
42 3.11076520594596 2.92915745517532 3.29237295671661
43 3.23884448216435 3.04255146423649 3.4351375000922
44 3.36739788770321 3.15311365563509 3.58168211977132
45 3.49634722729537 3.26081589827315 3.73187855631759
46 3.62561469959169 3.36563407758591 3.88559532159747
47 3.75514034626958 3.46732248545567 4.04295820708348
48 3.8848889674824 3.56556509320483 4.20421284175998
49 4.01482718707801 3.66027126951832 4.3693831046377
50 4.14492162890424 3.75157476865838 4.5382684891501
51 -0.9886265566586 -1.26496015954249 -0.712292953774705
52 -0.910571629399281 -1.15700256170511 -0.664140697093451
53 -0.831330886176656 -1.05380326531019 -0.608858507043124
54 -0.750505512296914 -0.955136530185579 -0.545874494408249
55 -0.667696693066242 -0.860323448118705 -0.47506993801378
56 -0.58250561379083 -0.767943713109355 -0.397067514472305
57 -0.49453359069757 -0.675946636673567 -0.313120544721574
58 -0.403476857524832 -0.582449616925238 -0.224504098124425
59 -0.309293882184065 -0.486742690934406 -0.131845073433725
60 -0.211988038388703 -0.388526447922429 -0.0354496288549769
61 -0.111562699852176 -0.287432273991325 0.0643068742869732
62 -0.0080212402879164 -0.182868722042578 0.166826241466746
63 0.0986313476910614 -0.074095983061487 0.27135867844361
64 0.208194184622175 0.0389961085353989 0.377392260708951
65 0.320085949640787 0.155240290084608 0.484931609196967
66 0.433681611593515 0.273347312125066 0.594015911061964
67 0.548356139326977 0.392318641490594 0.704393637163361
68 0.663484501687789 0.511561773954647 0.815407229420932
69 0.778446554975193 0.630760101965902 0.926133007984484
70 0.892843538990607 0.749495613793148 1.03619146418807
71 1.00658387898369 0.867075459570044 1.14609229839734
72 1.11959862729958 0.982884832138058 1.25631242246111
73 1.23181883628342 1.0967264330188 1.36691123954804
74 1.34317555828034 1.20889580465277 1.47745531190791
75 1.45360375990122 1.31992055278165 1.58728696702079
76 1.56312843586871 1.42984582484051 1.69641104689692
77 1.67186460901727 1.53822834313686 1.80550087489769
78 1.77993121644708 1.64484298220444 1.91501945068972
79 1.88744719525832 1.74994373078505 2.02495065973158
80 1.99453148255116 1.85418392534071 2.13487903976162
81 2.10131611961997 1.95822769339817 2.24440454584178
82 2.20811105029915 2.06207488601136 2.35414721458693
83 2.31535442985885 2.16533924098863 2.46536961872906
84 2.42348724407518 2.26788334399005 2.5790911441603
85 2.53295047872424 2.36996722501474 2.69593373243373
86 2.64418511958213 2.47208499507355 2.8162852440907
87 2.75759068310516 2.57449990640559 2.94068145980472
88 2.87320574907735 2.67638409695871 3.07002740119599
89 2.99088305329403 2.7766438553132 3.20512225127486
90 3.11047379564978 2.87465921611497 3.3462883751846
91 3.23182917603919 2.97026203321945 3.49339631885893
92 3.35480039435684 3.06348374696794 3.64611704174574
93 3.47923049700965 3.15420754251316 3.80425345150614
94 3.60491491688908 3.24192813266961 3.96790170110855
95 3.7316318528383 3.32625904790862 4.13700465776799
96 3.8591594799294 3.40711904016452 4.31119991969428
97 3.98727597323444 3.48463806740233 4.48991387906656
98 4.11575950782551 3.55900414682077 4.67251486883026
99 4.24435262141696 3.63073028281955 4.85797496001436
100 4.3729457350084 3.70061779729903 5.04527367271778
