x
1 0.8869743428256
2 0.608514022685356
3 1.64958270674149
4 -0.328383569140563
5 1.39876897862048
6 1.02327125323183
7 1.37959177213382
8 0.955754406268615
9 0.653604080559049
10 1.02312644391038
11 0.987453992311265
12 1.23817033892319
13 1.14804011709264
14 0.454988847453331
15 0.738888433434159
16 0.890371092632617
17 1.56170618862752
18 0.664825847493693
19 0.434237157331143
20 0.0770015390025947
21 0.220978174454205
22 0.266771078785267
23 1.00548976968493
24 0.177964792336875
25 1.57823823422364
26 0.214038616716494
27 1.28577801076922
28 0.788330067188763
29 -0.000438495983779763
30 1.14944855307587
31 0.156810679425206
32 0.751580169290111
33 0.411509713548057
34 0.56737664937627
35 0.176508279391974
36 0.901756219347082
37 0.644538487558453
38 1.08051691183591
39 1.02217759123705
40 1.10296709051174
41 1.21535489243467
42 0.643181905066
43 0.985494909616293
44 0.859729758647585
45 0.687790091332689
46 0.158198348265454
47 -0.0815962719549894
48 1.05252132628798
49 4.05566681145331e-05
50 0.55449558784271
51 0.495689582246794
52 0.728376531868016
53 0.104764066249095
54 0.488235344252677
55 0.913727945569119
56 0.819934463993543
57 0.339959353101477
58 -0.0380279553492593
59 0.876261804243704
60 0.301210964520383
61 0.323550625545423
62 0.537515363576562
63 0.238996099767196
64 0.176072752505035
65 1.39529247403073
66 -0.0380279553492593
67 -0.130492369100672
68 0.0562498488804071
69 0.812254479388429
70 0.333695021482193
71 0.15075058841196
72 0.0369968597945594
73 -0.459062443653794
74 0.842951012657783
75 1.50177075845536
76 2.26324090831268
77 1.76529785205212
78 1.48988484931173
79 1.90859561878485
80 0.35038922341728
81 2.21975883774843
82 -0.159472122662746
83 0.432538668777505
84 0.824486522450378
85 0.674899481698414
86 0.506054845129052
87 1.25603649093571
88 0.609466683860528
89 -0.0517465249626605
90 -0.578009824564597
91 -0.15228866081161
92 0.171700460717592
93 0.689436977173265
94 0.214038616716494
95 0.411509713548057
96 -0.516978517134276
97 0.906990767457543
98 0.824486522450378
99 -0.0399199951811
100 0.270031491275783
101 0.130999725924128
102 1.14054886485945
103 0.912785296326679
104 0.265596486996309
105 -0.203335767505634
106 0.598965482904942
107 0.146532345108056
108 0.212552992186182
109 0.522895685748025
110 -0.866437496383315
111 0.627056787891315
112 -0.00269429827730505
113 0.470521466637259
114 0.822263617322171
115 0.405382088611668
116 1.11849970969566
117 -0.0534450135162983
118 -0.102370536342423
119 1.1663173756395
120 -0.0394642203730475
121 0.501953913866078
122 0.86895641751261
123 -0.429463057270415
124 -0.0574379424214864
125 1.09404193017111
126 1.41624367345904
127 0.183246566585722
128 0.319365564197573
129 0.999362144748539
130 -0.826974130949981
131 0.18206572359985
132 1.07674388260827
133 0.087520592018854
134 1.20249407882223
135 -0.0270769482815241
136 0.620901294776881
137 0.914736870072101
138 0.735498835077259
139 -0.934970504793048
140 0.847758032425548
141 -0.462980330212742
142 0.367008898242206
143 1.064897321318
144 0.144993233637626
145 0.848508775087994
146 -0.00439444761135999
147 -0.732971264820411
148 0.490969109061874
149 0.120141096224536
150 0.603685956089862
151 -0.105744711884194
152 -0.739127012466184
153 0.29299428668873
154 -0.321737459570329
155 0.500497400921176
156 0.999362144748539
157 0.809534307839226
158 1.51853617331018
159 -0.750348779400828
160 -0.159472122662746
161 -0.199145143250846
162 0.549277768763281
163 -0.647425069653169
164 0.329614959029846
165 0.805731571726051
166 -0.616044440628085
167 0.362525092794191
168 0.157371003432973
169 -0.433939626341911
170 0.544967295983407
171 0.134396475731145
172 0.218515185787989
173 0.761693665311335
174 0.873266890292483
175 0.0770015390025947
176 0.256408854701898
177 0.262851437929171
178 0.2788466258276
179 -0.201479029058762
180 -0.119240346195708
181 0.221711796095998
182 0.498128404675272
183 -1.50459831927139
184 0.596231718095744
185 0.282135656989137
186 0.512279222200909
187 -1.17344639364637
188 -0.00246301270731664
189 0.290587495228651
190 -1.38094950787882
191 -0.0204757818242136
192 0.728923072851214
193 0.728923072851214
194 -0.42539855586503
195 0.708563369487178
196 0.374133072133164
197 0.686514214323393
198 -0.182470342588815
199 1.28177014746956
200 -0.13899120868354
201 -0.534512801931655
202 -0.0564646925603096
203 -0.0339270240862848
204 -0.162433056748381
205 0.459380275533202
206 -0.156275512354738
207 0.0159702315722741
208 -0.381427063950688
209 -0.00518388133939496
210 -0.164461066403377
211 1.20010483465521
212 -0.473326702113303
213 -0.0539576302534197
214 0.116852065062998
215 0.149455107957927
216 0.212552992186182
217 0.285961166179943
218 1.26010070862563
219 0.529803393867748
220 0.221711796095998
221 0.825459431546663
222 0.117702273796058
223 -0.260376901734842
224 -0.422279595419279
225 -1.51441573944172
226 0.0159702315722741
227 -0.531637298847978
228 -0.242596154446736
229 -0.0982904738900765
230 0.434237157331143
231 -1.13718178117461
232 -0.297693581622097
233 -0.465912519458555
234 -0.0394844682941615
235 0.184997912845662
236 0.0168476044352879
237 -1.61447654036233
238 0.805578356211646
239 0.819586836695833
240 -0.633464524431032
241 0.951045909420517
242 -0.976361812198967
243 0.134943016714344
244 0.249069479440578
245 0.577767097817879
246 0.968179404315522
247 0.576893872669558
248 -0.436781833364675
249 1.21535489243467
250 -0.596446561775646
251 0.787908419331791
252 -0.94556726269953
253 0.0200711628352486
254 -0.294639557521328
255 -0.508479677551408
256 1.48988484931173
257 0.212552992186182
258 -0.542448374854113
259 0.798994393614476
260 -0.0193087818189448
261 -0.458588902132871
262 0.977593202088251
263 0.428753187778297
264 -0.164461066403377
265 0.846884807277227
266 0.338523088077689
267 1.05560265060462
268 0.482763826471402
269 0.0770015390025947
270 0.539543373231558
271 0.0813929670824662
272 -0.0566924851988393
273 0.716510396528424
274 -0.189592645798057
275 -0.206286847733144
276 -0.534262820805474
277 -0.419328515191769
278 0.609466683860528
279 0.432026052040384
280 0.690998019771408
281 -0.712954840188468
282 0.765588649774299
283 0.158774704942199
284 -0.664191201377396
285 0.346992473610263
286 0.825459431546663
287 -0.680724424158818
288 1.27389210162559
289 0.177964792336875
290 0.378944786657462
291 -0.127305155662012
292 -0.668454024882618
293 0.940972529747135
294 0.736665835082527
295 0.383706356860599
296 -0.753722954942599
297 0.964827867909111
298 0.681054974812848
299 -0.274614491939297
300 0.488235344252677
301 -0.351691768543631
302 -0.220616305017764
303 -0.470013450721529
304 -0.811926934792647
305 0.12859293446405
306 0.0809194255615431
307 1.13017396508012
308 -0.52449524149168
309 -0.48026463388394
310 0.537999353423534
311 0.0752501927426548
312 0.0699684184938079
313 0.394385084399072
314 0.0740693497567828
315 0.269552438623889
316 -0.596674354414176
317 -0.470013450721529
318 -0.120535826649742
319 -0.0170861834673124
320 0.319365564197573
321 -0.290466716431882
322 0.665506176595165
323 0.652963669826475
324 0.162547734169837
325 0.18891579940461
326 -0.272457440246444
327 0.198906564218822
328 -0.804987377054935
329 0.0497569548245789
330 -0.971009886380881
331 -1.77308447719068
332 1.68053073407479
333 0.249515152783455
334 -0.537730207256464
335 0.275709983017531
336 0.177481188488258
337 0.416523279715725
338 -0.292486929865273
339 -0.365330328270235
340 -0.327428877029155
341 0.33947574925286
342 -0.327428877029155
343 -1.3121694444358
344 0.0159702315722741
345 0.146532345108056
346 0.630892059591092
347 0.768119339282941
348 -0.807450365721151
349 0.46434094565956
350 0.716510396528424
351 -0.192989395605074
352 0.198906564218822
353 -0.621682703151299
354 0.548837560435268
355 0.503511615830563
356 0.221711796095998
357 0.0597172353313966
358 -0.0694604025780787
359 -0.14074255494348
360 0.322006605737399
361 -0.269033456400943
362 -0.452461277196483
363 -0.497227654646444
364 1.13451509875744
365 -0.696257381570075
366 0.0938100351958178
367 0.267524428968893
368 0.212196535186988
369 -0.363473589823364
370 1.09225455192984
371 0.73976165858248
372 0.261330548678526
373 0.322006605737399
374 0.90088299419876
375 0.482195722021718
376 0.681054974812848
377 -0.0572180427439353
378 -0.01097841020853
379 0.611507989673631
380 1.20203830401418
381 -0.489837918611375
382 0.221618585186778
383 -0.537730207256464
384 1.13451509875744
385 -0.149849838383132
386 -1.22188713636003
387 0.0493746295899049
388 0.29299428668873
389 1.29077260477741
390 0.321294823251897
391 1.07366113322374
392 0.576893872669558
393 0.285961166179943
394 0.212772891863733
395 1.52191089397348
396 1.05718558142186
397 -0.282530387414343
398 0.977593202088251
399 1.22777196054803
400 0.0200711628352486
401 0.500517648842289
402 0.188290100671707
403 0.603685956089862
404 0.859576543133179
405 0.324029678197316
406 -0.597199911959272
407 0.512904920933813
408 -0.614455837961085
409 0.104200161343921
410 -0.257846212226199
411 0.0809194255615431
412 -0.165214416587003
413 -0.849457272117167
414 -0.487937813263444
415 -0.226171223033724
416 -0.471469963666431
417 -0.00379621249914708
418 -0.439124992050767
419 -0.597834292454443
420 0.0740693497567828
421 -0.166790898757007
422 0.212138511368562
423 0.333695021482193
424 -1.34024877308535
425 -0.365330328270235
426 -0.336528574335877
427 0.224848438906065
428 -0.759414372401424
429 0.360901124983423
430 -0.811955319614809
431 -1.1823342747731
432 1.25410302157674
433 -0.267468496505814
434 0.228137470067604
435 -1.24517815501768
436 0.498128404675272
437 -0.344910576696293
438 1.13072961775824
439 -0.0559523178911747
440 1.72510287389032
441 0.990626441118774
442 -1.40439135594366
443 0.426801614032875
444 0.735053161734383
445 -0.0309948348404725
446 -1.79447962121729
447 0.0520156711297308
448 -0.303917958693953
449 0.485545186310024
450 0.798994393614476
451 0.491452749577484
452 0.552126591596807
453 0.620926699008147
454 0.199779789367143
455 -0.182470342588815
456 0.539543373231558
457 0.0909101903757548
458 0.91598666187427
459 0.447955726944544
460 -0.362017076878462
461 1.21918014218646
462 0.00562583750064372
463 -2.19267365796176
464 -0.0574379424214864
465 0.282281748106833
466 -0.282530387414343
467 1.45164844167447
468 0.553509414244023
469 -0.0417073734223692
470 -0.074473968745747
471 -0.812439309461781
472 0.60612477851834
473 -0.297067882889193
474 -0.377946751782622
475 -0.135594458876523
476 -0.959310384407106
477 0.573504274312658
478 -0.489203538116205
479 -0.714515882786612
480 -1.40857641729151
481 -0.102277325433204
482 -0.498523135100478
483 0.660122965439873
484 -0.273845170925241
485 0.481589234682443
486 0.844662208925595
487 0.0589836136896045
488 -0.346053506020417
489 -0.626726237237284
490 0.64373701096145
491 -0.598776394129276
492 0.0200711628352486
493 -1.40834730757124
494 0.114583313350307
495 0.38361314595138
496 -0.15228866081161
497 0.231479375409792
498 0.0264001018880777
499 -0.264365097107025
500 0.391514853479422
501 0.430031364402629
502 -1.00999531993687
503 -0.0514757488196791
504 0.379936528943727
505 0.374191095951589
506 -0.260285034654678
507 0.330576061036441
508 -0.518579634961146
509 -0.519910706380089
510 1.08494916519874
511 0.461335059380144
512 0.218274423251558
513 -0.867190846566941
514 -0.429733833413396
515 0.357065853283645
516 0.230070939426569
517 -0.810411299806786
518 -0.705772642479085
519 0.321522615890427
520 -1.68648324737422
521 0.382972735218806
522 0.149455107957927
523 -0.0038542363175722
524 0.321522615890427
525 0.123966605415342
526 0.376033177481096
527 0.878504957293025
528 -0.638364210185578
529 0.540022425883452
530 -0.323948564861088
531 0.212552992186182
532 0.822117526204475
533 -0.207137056466204
534 0.461622594467747
535 -0.874949400953069
536 -0.0353391103903666
537 -0.0982904738900765
538 -0.27321079043007
539 0.250682152788724
540 -0.0170013271269749
541 -0.12508255731038
542 -0.323435948123967
543 0.500517648842289
544 1.11304047018512
545 0.986501331136092
546 -0.759770829400619
547 -0.164688859041907
548 0.512279222200909
549 -0.490607239625432
550 -0.660517695865079
551 0.663948474630679
552 0.266136698290096
553 -0.588261007727008
554 0.395515241987495
555 -0.426359657871626
556 -0.156525493480919
557 -0.633464524431032
558 0.053559690937754
559 -0.696507362696256
560 0.00885569121993068
561 -0.588261007727008
562 -0.11185061016064
563 -0.147480842137229
564 0.955754406268615
565 -0.971926807919493
566 0.819934463993543
567 -0.170654946693745
568 0.141518778940387
569 0.212772891863733
570 -0.675576328091861
571 0.218515185787989
572 0.376033177481096
573 -0.966341527086963
574 -0.195921584850886
575 -0.525468150587965
576 -0.107443200437832
577 -0.210523680402454
578 -0.00439444761135999
579 0.162547734169837
580 0.213526242047359
581 -0.382610865782365
582 0.499511227322489
583 0.383456375734418
584 0.120287187342232
585 -0.0482791385116705
586 0.770508583449958
587 -0.112390821454428
588 1.19522291098355
589 0.106042242873426
590 -0.377946751782622
591 -0.557068052682649
592 -0.542820976814093
593 0.38023897040961
594 0.149455107957927
595 -0.429733833413396
596 -0.476277782340813
597 -0.624974890977343
598 -0.0394844682941615
599 -0.327208977351604
600 1.16090856822348
601 0.167713609174464
602 0.140351824130358
603 -0.11185061016064
604 0.266194722108521
605 0.129398608097258
606 -0.183637297398844
607 0.252989607480694
608 0.205014337477605
609 0.282135656989137
610 0.128067536678316
611 -0.00246650563877582
612 -0.743829894520003
613 -0.821216776175646
614 0.878504957293025
615 -1.29048741883313
616 -0.172972970973131
617 0.322034990559561
618 -0.747630046534113
619 -1.58844341598208
620 0.00970589995299065
621 -0.339451337185747
622 -0.912343340165429
623 -0.410733489551149
624 -0.156368723263957
625 -1.13740168085216
626 0.688394350074168
627 0.199779789367143
628 -0.560457651039551
629 0.495689582246794
630 -0.0514757488196791
631 0.296546709386505
632 -0.156368723263957
633 0.329614959029846
634 0.0264001018880777
635 0.470521466637259
636 0.108685251094199
637 0.429291197094964
638 1.25744492691893
639 0.274976361375739
640 0.0925341581865222
641 -1.51190867713483
642 -0.280969344816199
643 -0.705772642479085
644 0.486536855699039
645 -1.4918780709677
646 0.189389340925533
647 -0.912343340165429
648 -0.134599780603669
649 -0.464731676472682
650 -0.200022516113861
651 1.16589572778253
652 -0.243695394700563
653 -0.362500680727079
654 -0.485430508888568
655 1.4724850134299
656 0.0385359712649884
657 -1.40641936559865
658 -0.488450187932579
659 -1.02791968247878
660 -0.201914555945701
661 0.0492018489291284
662 -0.274614491939297
663 0.0121447223814695
664 -0.594418552120651
665 0.704228091938812
666 0.522895685748025
667 0.0954569210363934
668 -0.0953393936625666
669 0.738888433434159
670 0.864011547412654
671 1.22031556256103
672 0.0545513603267693
673 0.346992473610263
674 -0.40506425673226
675 -0.530275969262347
676 -0.110690672120373
677 0.37514820085198
678 -0.189592645798057
679 -0.220616305017764
680 0.236063910521384
681 -1.17910442105381
682 -1.36704085650566
683 0.21654592109137
684 0.794510588166461
685 0.459380275533202
686 0.319192783536797
687 -0.363473589823364
688 0.536749561621365
689 -0.99361010122185
690 -0.0991406826231365
691 -0.262640020076114
692 0.0545513603267693
693 -0.75050554961779
694 -1.02940530700909
695 -0.742068898321798
696 1.17437803236797
697 -0.544605426546966
698 -1.02791968247878
699 -0.633464524431032
700 -0.959822642206138
701 0.428189282873123
702 -0.14074255494348
703 1.6144329151881
704 -1.39823381155001
705 -1.6199050509779
706 -0.206286847733144
707 -0.201458781137648
708 -0.206286847733144
709 0.344060284364451
710 -0.638272343105414
711 -1.5973309131051
712 -0.464731676472682
713 -0.934970504793048
714 -0.0309948348404725
715 -0.573908893301622
716 1.0043228148749
717 -0.192989395605074
718 -0.537459431113482
719 0.0269212386400093
720 -1.26445429445288
721 -0.11185061016064
722 0.0954569210363934
723 0.304680339710258
724 0.43697092214034
725 -0.311844399147733
726 -0.226971157894665
727 -0.0514757488196791
728 -0.83657287981916
729 -0.292486929865273
730 -0.621057004418395
731 0.475005272085274
732 0.211598300074774
733 0.0493746295899049
734 -1.4310298082414
735 -0.0125394528066742
736 -0.702414925963718
737 -1.13781616166978
738 -0.588261007727008
739 0.466674900474859
740 0.789051348655916
741 0.113465441126748
742 0.231962979258409
743 0.768265430400636
744 -0.66344045871495
745 0.0661429093030028
746 -0.281234906960309
747 -0.271973450399472
748 0.218244409645008
749 -1.26856170595588
750 -1.00589438867389
751 0.512383784181881
752 -0.431944938704155
753 -1.79318414076325
754 0.203453294879461
755 -0.0170861834673124
756 0.782895855541482
757 0.947318741673948
758 1.14849589190069
759 0.690998019771408
760 1.05832100179643
761 -1.25893813530523
762 -0.220616305017764
763 -0.0815962719549894
764 -0.15228866081161
765 -0.5986036134685
766 0.284524901156155
767 -0.0246486229136598
768 -0.372518241167055
769 -0.775283398720417
770 -0.165214416587003
771 -0.23570589484491
772 -0.0394844682941615
773 -0.75050554961779
774 0.230506466313507
775 0.831224809644127
776 0.82405099556344
777 -1.08514761977007
778 -0.448986822499244
779 1.18417215200166
780 0.146532345108056
781 0.338502840156575
782 -0.274787272600074
783 -0.245123730599795
784 -0.722897885147029
785 0.091783415524076
786 0.434267170937693
787 0.415772537053278
788 -0.989053548054919
789 -0.178207519083593
790 0.870557930251779
791 -0.519910706380089
792 0.134291913750173
793 -1.70653974723489
794 -0.294639557521328
795 0.0952306789935009
796 0.482129445976231
797 0.412676713553325
798 -1.12897649858414
799 -1.09617669674967
800 0.141518778940387
801 1.36348221806703
802 -1.02918540733154
803 0.179522494301361
804 0.8869743428256
805 -0.297067882889193
806 -0.329760778273108
807 0.952919302066282
808 0.590747748542898
809 0.644758387236003
810 -0.809932247154891
811 0.0813929670824662
812 -0.719062613447251
813 -0.5986036134685
814 0.358939245929411
815 -1.01710986028921
816 -1.66128681438704
817 -0.174534013571275
818 0.167463628048282
819 0.736665835082527
820 0.296286474514774
821 -0.255477215980296
822 0.512279222200909
823 -0.257846212226199
824 -0.380681606728041
825 0.367008898242206
826 1.06065495661173
827 -0.257846212226199
828 0.566903107855346
829 -0.458588902132871
830 -0.496962092502333
831 -0.560903324382428
832 0.949902980096392
833 0.807278505545701
834 -0.426359657871626
835 0.0168476044352879
836 1.02134199417751
837 0.43154699938849
838 -0.555444084871882
839 -0.755934060233358
840 0.0715261204582935
841 1.36861374956951
842 0.130999725924128
843 -0.436379942983629
844 -0.562477864472942
845 -0.735903454066223
846 0.731613529075415
847 0.630892059591092
848 1.11118376834339
849 0.338502840156575
850 -1.40590699092952
851 -0.284177273254918
852 0.519703999987144
853 -0.246987582526608
854 0.488506120395658
855 0.783369397062404
856 -1.91653994901428
857 -1.0535636365426
858 -0.351587206562658
859 1.59966773841782
860 -0.706772767972343
861 0.156222904020696
862 0.184997912845662
863 0.108549547248303
864 -0.290912389774759
865 -0.706370877591298
866 -0.314283221576212
867 0.285961166179943
868 -0.0544366829053136
869 -2.34239781945016
870 0.212138511368562
871 0.416523279715725
872 -2.53787422864397
873 -0.760770954893877
874 -0.182470342588815
875 0.0335224050973202
876 0.266771078785267
877 -0.884446772568753
878 0.140974582677844
879 -0.426359657871626
880 -0.477127991073873
881 -0.544778207207743
882 0.283518479636355
883 -0.294352022433725
884 -1.47049049968808
885 0.501470310017461
886 1.08655067793791
887 0.0545513603267693
888 -0.120535826649742
889 -0.638272343105414
890 -0.562477864472942
891 -1.16166457236664
892 0.365447855644062
893 0.807278505545701
894 -0.0710843703888462
895 0.105529868204291
896 0.810525977228242
897 0.885222996565661
898 -0.822738498672573
899 0.384574247957975
900 -1.29639498210059
901 -0.0380279553492593
902 -0.328383569140563
903 -0.0587945249139392
904 0.798728831470365
905 -2.65845061196183
906 0.744996206692942
907 -0.526454324186651
908 -1.60397537607374
909 0.336279935028367
910 0.955754406268615
911 -0.489423437793756
912 0.590125819819298
913 -1.23943586109342
914 0.387601341323563
915 -0.696257381570075
916 -0.323435948123967
917 -1.93179000679374
918 -0.23145496334268
919 -2.68539562744931
920 0.104776518020666
921 -0.746360584028645
922 -0.236468529510348
923 -0.813827040140578
924 1.22291023667395
925 1.47434882282975
926 0.32054936602925
927 0.644190282786319
928 -1.46117090270381
929 0.537518856508021
930 -0.323300244278071
931 -1.05989257559543
932 -0.0266034067606014
933 0.663948474630679
934 -0.670474238316009
935 -0.00577165674390479
936 0.158554805264649
937 0.159300262487296
938 -1.16788894943849
939 -0.174534013571275
940 -0.326455627167978
941 1.19792177244428
942 -0.501445897950349
943 0.45323750119339
944 -0.388965718659266
945 0.39395754002301
946 0.326511559631057
947 -1.288693687407
948 0.270544108012904
949 0.481589234682443
950 0.287458651733205
951 0.0414587341148591
952 -1.01710986028921
953 0.329614959029846
954 -0.976763702580012
955 -0.102277325433204
956 -0.699453991878083
957 0.341517055065962
958 -0.814769141815411
959 -0.00246650563877582
960 1.3412942871092
961 -0.743317636720971
962 -0.584366023264044
963 0.242392849574212
964 -0.351066069810726
965 -1.7119717499168
966 -1.12510623413228
967 0.589297113745138
968 -0.0934624072945809
969 -1.00471354568802
970 0.0200711628352486
971 -1.2397066372364
972 0.583001645928341
973 -1.34743223493649
974 -1.61447654036233
975 0.102812492503673
976 0.482187469794657
977 -0.0925097461194104
978 0.836919446694282
979 -1.09120771078331
980 0.167620398265245
981 0.591285757859565
982 0.27546000189135
983 0.270544108012904
984 0.18206572359985
985 0.00571904840986281
986 -0.435781707871417
987 -2.17117144921399
988 -0.416015263799995
989 0.306987794402228
990 -0.0710843703888462
991 0.561233875036458
992 0.104776518020666
993 0.303067666362112
994 -0.232994074813109
995 -0.427154022755397
996 0.885222996565661
997 -0.416498867648613
998 -2.00272925408915
999 -2.21777990010045
1000 0.577767097817879
1001 -1.00589438867389
1002 -0.0266034067606014
1003 -0.161441387359365
1004 -0.132644996756727
1005 -0.165790773263748
1006 -1.63703179111332
1007 -0.429703819806846
1008 -1.59354550575793
1009 0.787908419331791
1010 -1.00999531993687
1011 -0.220616305017764
1012 -0.422279595419279
1013 0.643181905066
1014 -1.10432482625673
1015 0.984258178086772
1016 -0.986153703234856
1017 -0.189592645798057
1018 -0.814769141815411
1019 0.537287570938032
1020 -0.570731095472417
1021 -1.51657279113457
1022 -0.534356031714693
1023 -0.524011637643063
1024 0.536762013392936
1025 0.091783415524076
1026 -0.201458781137648
1027 -0.00439444761136043
1028 -0.782578023662074
1029 -1.50309354258301
1030 -0.00379621249914708
1031 1.60575926899876
1032 -1.35475101103075
1033 -0.147480842137229
1034 0.974249040153031
1035 -0.740004385329198
1036 -0.0934826552156949
1037 -0.215035269479408
1038 0.0636122197943605
1039 -0.149849838383132
1040 -0.719062613447251
1041 0.276577874114908
1042 0.270544108012904
1043 -1.14942414100875
1044 0.284504653235041
1045 0.427189157379865
1046 -0.631130638623117
1047 0.284504653235041
1048 -1.07424469002081
1049 0.83932236783088
1050 -0.876510443551214
1051 -0.753692941336049
1052 -0.0413412067410333
1053 0.378944786657462
1054 -0.996164447534713
1055 -0.200022516113861
1056 0.686514214323393
1057 -0.0154622156565449
1058 -0.0125394528066742
1059 0.536749561621365
1060 0.0596240244221775
1061 -0.57097670405581
1062 -0.416015263799995
1063 -0.567058817496862
1064 1.07798122263887
1065 -0.456346583198326
1066 1.07617577815859
1067 1.27159539829075
1068 0.481360124962174
1069 -1.02024650309928
1070 0.527442416408663
1071 0.2788466258276
1072 -0.753722954942599
1073 -0.867767203243687
1074 -0.405585393484192
1075 0.577767097817879
1076 0.19668396586719
1077 -1.4310298082414
1078 -2.35584906171223
1079 -0.360459374913977
1080 0.135391154004
1081 -0.938444959490287
1082 -0.945046125947597
1083 0.313010711320672
1084 -1.00589438867389
1085 0.00571904840986281
1086 0.282135656989137
1087 -0.866437496383315
1088 0.367808833103147
1089 -0.350592528289804
1090 -1.19320937293845
1091 1.04004374324957
1092 0.468897498826491
1093 -2.32387616859559
1094 0.130999725924128
1095 -0.0815962719549894
1096 -1.01047892378548
1097 -0.327208977351604
1098 -0.211007320918064
1099 0.205014337477605
1100 -0.219432503186087
1101 -0.783051565182996
1102 -0.165790773263748
1103 -0.108434869826847
1104 0.158198348265454
1105 0.524519653558792
1106 -0.182470342588815
1107 0.120287187342232
1108 -0.614901511303962
1109 -0.567058817496862
1110 -0.581835333755402
1111 -0.368373275577909
1112 0.51293032516508
1113 0.212196535186988
1114 0.427744263275315
1115 -1.34743223493649
1116 -0.552521322022012
1117 0.806740496229033
1118 -0.638364210185578
1119 -1.32303343439833
1120 -0.702414925963718
1121 1.09259073884936
1122 -0.670474238316009
1123 0.208853251007637
1124 -0.680574195725747
1125 1.07477985709128
1126 0.645511737419629
1127 -0.325943252498843
1128 -0.345631858163445
1129 0.498128404675272
1130 -0.966981937819537
1131 -0.519385308594354
1132 0.162952038971327
1133 0.645283944781099
1134 1.72989120198207
1135 0.117702273796058
1136 -1.26445429445288
1137 -0.0559523178911747
1138 0.304680339710258
1139 -0.739127012466184
1140 -0.194590513431944
1141 -0.905312197485572
1142 0.0855003785854631
1143 -0.635833520676935
1144 0.0168476044352879
1145 0.0661429093030028
1146 -0.326683419806508
1147 -0.866437496383315
1148 -0.753452178799617
1149 0.752754761079071
1150 0.640838746379908
1151 -0.203848025304666
1152 -0.458588902132871
1153 -0.273787147106816
1154 -0.58132307595637
1155 1.31409889554716
1156 0.308526905872657
1157 0.0565206250233885
1158 0.792886620355694
1159 0.887219951408993
1160 -0.795459085195633
1161 -0.074919642088624
1162 -1.03720952386178
1163 -0.0170861834673124
1164 -0.373001881682666
1165 0.328974548297272
1166 0.498128404675272
1167 -1.57171907746838
1168 -0.297589019641125
1169 -0.881057174211852
1170 -0.11665675977221
1171 -0.215952191018021
1172 -1.77647110112693
1173 0.780841820909346
1174 0.522895685748025
1175 -0.594418552120651
1176 0.535740637118383
1177 -0.318520054245521
1178 0.029349564007874
1179 0.951045909420517
1180 -0.40005169294195
1181 -0.894965825585012
1182 -0.761029762641426
1183 -0.465912519458555
1184 0.237244753507256
1185 1.28177014746956
1186 -0.382783646443142
1187 0.205014337477605
1188 0.861988474952736
1189 0.537515363576562
1190 -0.433939626341911
1191 -0.908355144793246
1192 0.105302075565762
1193 0.447472123095927
1194 0.213298449408829
1195 -1.82632432245932
1196 -2.37587966787937
1197 0.716054621720372
1198 0.579793717489621
1199 -0.327785334028349
1200 0.993219370408728
1201 -0.182470342588815
1202 0.51896189112858
1203 0.760960043669543
1204 -0.434679793649575
1205 -1.58801180521569
1206 -2.25195361913214
1207 -0.759828853219044
1208 -1.02794806730094
1209 -1.21566275928817
1210 -2.37635872053126
1211 -0.544778207207743
1212 -0.480514615010122
1213 0.104208413570982
1214 -0.00321985582240147
1215 0.589738824039916
1216 0.942836381673946
1217 -0.868767328736945
1218 -0.703930560949579
1219 -1.3709746511251
1220 -0.917416004260838
1221 0.374755000856764
1222 0.608514022685356
1223 1.0359617374426
1224 0.17884216519989
1225 -0.062658572850677
1226 0.0699684184938079
1227 0.171608593637428
1228 -1.60641806261733
1229 -1.07744130032882
1230 -0.0270769482815241
1231 -0.215035269479408
1232 -0.0578524232391064
1233 0.842328254110297
1234 0.122510092470439
1235 -0.552521322022012
1236 0.891365770905472
1237 -0.531126177995406
1238 0.302346384894959
1239 0.64373701096145
1240 0.611507989673631
1241 -0.12963911047731
1242 0.00961403287282714
1243 -0.110462879481843
1244 0.157753328667646
1245 0.806184843550921
1246 -0.156275512354738
1247 1.49092925571619
1248 0.199779789367143
1249 -0.42364092500491
1250 0.60612477851834
1251 0.501470310017461
1252 -0.486422178277583
1253 0.501953913866078
1254 0.285961166179943
1255 -0.734572382647281
1256 -1.00911794707385
1257 0.338523088077689
1258 -0.436781833364675
1259 -0.308018889956928
1260 0.231962979258409
1261 -0.178207519083593
1262 -0.908263277713083
1263 -0.422371462499443
1264 -0.712954840188468
1265 -2.38031467215884
1266 0.149455107957927
1267 0.396646384981903
1268 0.508987034374865
1269 1.29823816168223
1270 -0.165434316264553
1271 0.177481188488258
1272 0.507235688114925
1273 -0.0817008339359617
1274 -0.485943125625689
1275 -1.39832702245923
1276 1.06577739978342
1277 -1.37159740967259
1278 -0.689831707598469
1279 -0.351587206562658
1280 -0.705764390252023
1281 -0.935055361133386
1282 -0.858345153243895
1283 0.43697092214034
1284 -0.189071509046125
1285 -0.165790773263748
1286 1.48120000754586
1287 -0.377434135045501
1288 -0.0564646925603096
1289 -0.883684137903314
1290 0.146532345108056
1291 0.104556618343115
1292 -0.988180322906599
1293 -1.52292764401147
1294 -0.554168207862587
1295 0.988814969022895
1296 0.0121447223814695
1297 -1.1070406867122
1298 -0.0394844682941615
1299 -0.813192659645408
1300 0.870557930251779
1301 0.158140324447029
1302 0.663464870782062
1303 -0.712954840188468
1304 -0.471469963666431
1305 0.488506120395658
1306 0.699137322381183
1307 -0.912500110382392
1308 0.751580169290111
1309 0.503511615830563
1310 0.257451481800994
1311 0.482195722021718
1312 0.375520802811961
1313 0.324029678197316
1314 -1.51574544630209
1315 0.171700460717592
1316 -0.972405860571387
1317 -1.01382082912767
1318 0.657684143011396
1319 -0.248738928786548
1320 -2.05571906329037
1321 0.158198348265454
1322 -1.07025783847768
1323 -1.1070406867122
1324 -1.92708712473993
1325 0.836894042463015
1326 -0.255477215980296
1327 -0.107443200437832
1328 1.05291219438042
1329 -0.300985769448141
1330 -0.488450187932579
1331 0.914736870072101
1332 0.648531416463641
1333 0.41106404020518
1334 -0.804987377054935
1335 0.984112086969076
1336 0.0502019744223867
1337 -0.0442922869685431
1338 1.05904228326358
1339 0.362525092794191
1340 -0.156275512354738
1341 -0.321737459570329
1342 0.290062097442918
1343 0.248057825507989
1344 0.0803982888096115
1345 0.416523279715725
1346 0.339959353101477
1347 -0.543201725037739
1348 -0.00246650563877582
1349 -1.35475101103075
1350 0.24228828759324
1351 0.374755000856764
1352 0.806752948000604
1353 0.11024803580194
1354 0.461335059380144
1355 -0.339451337185747
1356 0.266194722108521
1357 0.776045779736721
1358 0.85379251539695
1359 0.952919302066282
1360 0.674924885929681
1361 0.461335059380144
1362 0.3207692657068
1363 -0.31827007311934
1364 0.806184843550921
1365 -0.950565130333416
1366 -0.0514757488196791
1367 -0.274614491939297
1368 0.242392849574212
1369 -0.144466627227842
1370 0.824506770371492
1371 0.990626441118774
