x y se
1 34 -2.49310064165298 0.594661971755482
2 35 -2.36515168985935 0.530136168145681
3 36 -2.23719117345086 0.472047932168835
4 37 -2.10955903601614 0.420897731887245
5 38 -1.98259522114384 0.376915368068736
6 39 -1.85663967242256 0.339678216103475
7 40 -1.73204049172917 0.307978681742253
8 41 -1.60946293439565 0.28063624214698
9 43 -1.3747092195823 0.237669323916378
10 44 -1.26474262832368 0.221021993733395
11 46 -1.06501383358948 0.190659319439501
12 47 -0.976145944776481 0.17524399893487
13 48 -0.89405123485461 0.1607966120385
14 49 -0.818193158034352 0.148309781879357
15 50 -0.74803516852619 0.137883941256428
16 51 -0.683039854170894 0.128510978147476
17 52 -0.622486132429696 0.119326237157511
18 53 -0.565243127888722 0.111340536796617
19 54 -0.510124517472353 0.105886930181953
20 55 -0.455943978104968 0.103208473185099
21 56 -0.401515186710949 0.101947216821664
22 57 -0.345710744180171 0.100005211264914
23 58 -0.288284928515873 0.0972557146035236
24 59 -0.22967073450906 0.0953413528596939
25 60 -0.17031861590347 0.0953198618788109
26 61 -0.110679026442848 0.0967368026876456
27 62 -0.0512024198709335 0.0979066173647733
28 63 0.00770544311388544 0.0975870149120958
29 64 0.0658175739946409 0.0970926468790618
30 65 0.122951677299722 0.0980409722653216
31 66 0.178925457557514 0.100692887367616
32 67 0.233556619296403 0.103748730243267
33 68 0.286680651486556 0.105270429014673
34 69 0.338824413272159 0.10503003675511
35 70 0.391412878107072 0.104907752814845
36 71 0.445931041936148 0.106331246630916
37 72 0.503863900704238 0.109338567239761
38 73 0.566696450356192 0.11276019409547
39 74 0.635763925671217 0.115500352725726
40 75 0.711294732813632 0.118585963485669
41 76 0.793021194086552 0.123595278501661
42 77 0.880673291774873 0.130973490002624
43 78 0.973981008163492 0.139946356844556
44 79 1.0726738008685 0.149350200896137
45 80 1.1763698977192 0.159218179322242
46 81 1.28443935819983 0.171317227601522
47 82 1.39621866299106 0.187099777791975
48 83 1.51104429277358 0.207138884957592
49 84 1.62825272822805 0.231491739636196
50 85 1.74719815566989 0.260471839440916
51 86 1.86749969017096 0.295421603045623
52 87 1.98898038948454 0.337610510429668
53 90 2.3587805149727 0.507488960405585
