V1 V2 V3 V4 V5 V6 V7 V8 V9 V10 V11 V12 V13 V14 V15 V16 V17 V18 V19 V20 V21
1 0.00632893302003744 0.000306234650076441 0.000693826152575559 0.00168138353879057 0.00333812839411225 0.00467006899311327 0.00506093932012323 0.00492977630381057 0.00470806294374357 0.00448553661056146 0.00426327063557609 0.000609762738724499 0.00111633783313286 0.000800298895581852 -0.000603807663888536 -0.00195079992555959 -0.00240443149536726 -0.00229542331972627 -0.00205486912419639 -0.00180262658148196 -0.00155019657349927
2 0.000306234650076398 0.00701244292271832 0.0136193900733974 0.0174375458088906 0.0176188921495746 0.0163895510459161 0.0157266144270635 0.0157099891073203 0.0158738247308511 0.0160553475365285 0.0162372084504975 3.39514932874773e-07 6.65646706437698e-07 7.85822392560281e-07 3.38511034727897e-07 -9.73474177471979e-07 -3.45372269371597e-06 -7.18045648506687e-06 -1.17105016416719e-05 -1.65090095151895e-05 -2.13268371753594e-05
3 0.000693826152575476 0.0136193900733974 0.0264995450190518 0.0340932829708401 0.0345527545467642 0.0321339255168148 0.0307915028547683 0.0307415108949259 0.0310616186808815 0.0314193311545002 0.0317778061560293 6.4697466265182e-07 1.26863273501525e-06 1.4921197691409e-06 6.18371491449304e-07 -1.93239941484265e-06 -6.77588146649417e-06 -1.40934776475824e-05 -2.30176147062671e-05 -3.24859716479352e-05 -4.19937433918884e-05
4 0.00168138353879051 0.0174375458088905 0.0340932829708397 0.0447605767813654 0.0462417815719814 0.0431072814648657 0.0409925082807316 0.0407365871893066 0.0411087570172588 0.0415588274179926 0.0420109278948959 6.31428173593421e-07 1.24064097935906e-06 1.41303428880076e-06 3.80657284827946e-07 -2.54006078760358e-06 -8.29893794195477e-06 -1.74072258342741e-05 -2.88097822835202e-05 -4.10555709154516e-05 -5.33648936469813e-05
5 0.00333812839411222 0.0176188921495744 0.0345527545467638 0.0462417815719814 0.0493965042503406 0.0468799805876748 0.0441692920314615 0.0433141036241978 0.0433556837154496 0.0435459151343521 0.0437410316726802 -2.20040701556564e-07 -4.20466250570961e-07 -6.45071654738812e-07 -9.01900611933115e-07 -1.27321208548387e-06 -2.83433443601206e-06 -6.91705070980431e-06 -1.31521500678365e-05 -2.03596245979039e-05 -2.76468924504185e-05
6 0.00467006899311323 0.0163895510459158 0.0321339255168144 0.0431072814648655 0.0468799805876748 0.0460026083624453 0.0438553137210248 0.0423362666582508 0.041480620479683 0.0407826135798068 0.0400908631763784 -2.25351786015847e-06 -4.39035435727431e-06 -5.41805371994899e-06 -3.12546573553624e-06 4.70159096106536e-06 1.79811926275462e-05 3.41980383212603e-05 5.10788230843216e-05 6.76672559389971e-05 8.42156230938236e-05
7 0.00506093932012318 0.0157266144270632 0.0307915028547677 0.0409925082807314 0.0441692920314613 0.0438553137210247 0.0433511638381574 0.0424961479886414 0.0412435965872623 0.0399162021095726 0.0385864518136336 -5.39769873941979e-06 -1.05279986318869e-05 -1.27282417533651e-05 -5.8738519427393e-06 1.73429659391966e-05 6.0595981868898e-05 0.000120201005883227 0.000187853483052485 0.00025716912419086 0.000326574047510263
8 0.00492977630381053 0.0157099891073201 0.0307415108949255 0.0407365871893066 0.0433141036241979 0.0423362666582509 0.0424961479886416 0.0440156727648205 0.0452920887423867 0.0463378916260164 0.0473713618375015 -9.15132956749495e-06 -1.78636504680166e-05 -2.15159262966807e-05 -8.82217627753672e-06 3.55716350067585e-05 0.000122479312125315 0.000246389595364208 0.000388592792234253 0.000534698281802879 0.000681017562494129
9 0.0047080629437435 0.0158738247308512 0.0310616186808816 0.0411087570172593 0.0433556837154501 0.0414806204796835 0.0412435965872629 0.0452920887423872 0.052054860986025 0.0593886153723159 0.0667422247040406 -1.31760974052625e-05 -2.57366361677353e-05 -3.11158718017008e-05 -1.2419122955897e-05 5.53300605634706e-05 0.000192029966377679 0.000389994846310668 0.000617410253200282 0.000850245242080487 0.00108330255460293
10 0.00448553661056138 0.0160553475365285 0.0314193311545001 0.0415588274179929 0.0435459151343524 0.0407826135798072 0.039916202109573 0.0463378916260167 0.0593886153723158 0.0744612567725021 0.0896312850482289 -1.72332304528157e-05 -3.36704476084633e-05 -4.08195926975932e-05 -1.6156223307018e-05 7.50999012114267e-05 0.000262413788815158 0.000536474214497564 0.000852175882383016 0.00117496352800653 0.00149797590998237
11 0.00426327063557603 0.0162372084504973 0.0317778061560289 0.0420109278948959 0.0437410316726802 0.0400908631763785 0.0385864518136337 0.0473713618375015 0.0667422247040401 0.0896312850482285 0.112700240527373 -2.12875700859513e-05 -4.15982937426439e-05 -5.05139113430028e-05 -1.98830637161733e-05 9.48705002109173e-05 0.000332796845412695 0.00068303700255999 0.00108723674014306 0.00150024522001212 0.00191348518425083
12 0.0006097627387245 3.39514932992915e-07 6.46974662714985e-07 6.3142817357087e-07 -2.20040701761603e-07 -2.25351786013897e-06 -5.39769873927703e-06 -9.1513295674834e-06 -1.31760974052354e-05 -1.7233230452712e-05 -2.12875700859013e-05 0.00743852220121967 0.0143777770422788 0.0179920724504633 0.017704920197475 0.0163284767244127 0.0157460302192356 0.0157906153110905 0.0159896513168765 0.0162034588362116 0.016417567237855
13 0.00111633783313286 6.65646706662029e-07 1.2686327351769e-06 1.24064097939178e-06 -4.20466250832117e-07 -4.39035435717482e-06 -1.05279986315918e-05 -1.7863650467929e-05 -2.57366361676202e-05 -3.3670447608225e-05 -4.15982937424876e-05 0.0143777770422787 0.0278564273704158 0.0350659835863793 0.0346150003984253 0.0318962753601193 0.0307063269527909 0.0307742811213851 0.0311616627532116 0.0315810693523704 0.0320012067605539
14 0.000800298895581866 7.85822392759123e-07 1.49211976923916e-06 1.41303428874741e-06 -6.45071655103072e-07 -5.41805371992607e-06 -1.27282417531257e-05 -2.15159262966719e-05 -3.11158718016674e-05 -4.0819592697426e-05 -5.05139113429233e-05 0.0179920724504633 0.0350659835863797 0.0452363705978058 0.0456124590621454 0.0420330734509481 0.0400709713045249 0.0399331672805822 0.0403579316362249 0.0408544100899037 0.0413533078887185
15 -0.000603807663888484 3.38511034947746e-07 6.18371491579552e-07 3.80657284814293e-07 -9.01900612220218e-07 -3.12546573545742e-06 -5.87385194245703e-06 -8.82217627747488e-06 -1.2419122955813e-05 -1.61562233068064e-05 -1.98830637160389e-05 0.017704920197475 0.0346150003984257 0.0456124590621454 0.0477687702976427 0.0448483440395681 0.0422242191524393 0.041356717523654 0.0412907500241027 0.0413630521761666 0.0414415105884769
16 -0.00195079992555956 -9.73474177221163e-07 -1.93239941465583e-06 -2.54006078754172e-06 -1.27321208568969e-06 4.70159096121004e-06 1.73429659395326e-05 3.55716350068845e-05 5.53300605636165e-05 7.5099901211695e-05 9.48705002111103e-05 0.0163284767244128 0.0318962753601197 0.0420330734509482 0.0448483440395682 0.0437893146087582 0.0418087158262224 0.0401756704075077 0.0389875203970895 0.037913621889604 0.0368461147736472
17 -0.00240443149536723 -3.45372269358464e-06 -6.77588146649768e-06 -8.29893794210669e-06 -2.8343344364257e-06 1.79811926274897e-05 6.0595981869036e-05 0.000122479312125241 0.000192029966377623 0.00026241378881523 0.000332796845412688 0.0157460302192357 0.0307063269527913 0.040070971304525 0.0422242191524395 0.0418087158262224 0.0417284427072688 0.0410564878754129 0.039708616485973 0.0382136356856646 0.0367115040928412
18 -0.00229542331972622 -7.18045648496992e-06 -1.40934776476418e-05 -1.74072258344917e-05 -6.91705071028819e-06 3.41980383211422e-05 0.000120201005883302 0.000246389595364065 0.000389994846310546 0.000536474214497566 0.000683037002559903 0.0157906153110907 0.0307742811213858 0.0399331672805826 0.0413567175236544 0.040175670407508 0.0410564878754131 0.0434543492710818 0.0456288838750689 0.0475885010025763 0.0495317812284082
19 -0.00205486912419639 -1.17105016416149e-05 -2.30176147063902e-05 -2.88097822838144e-05 -1.3152150068402e-05 5.10788230841172e-05 0.00018785348305248 0.000388592792234029 0.000617410253200086 0.000852175882382946 0.0010872367401429 0.0159896513168765 0.0311616627532119 0.0403579316362248 0.0412907500241026 0.0389875203970893 0.0397086164859728 0.0456288838750685 0.0546891623117782 0.0644186886493033 0.0741803458655838
20 -0.00180262658148194 -1.65090095149201e-05 -3.24859716477169e-05 -4.10555709153636e-05 -2.03596245980857e-05 6.76672559391657e-05 0.000257169124191231 0.000534698281803026 0.000850245242080665 0.00117496352800683 0.00150024522001232 0.0162034588362116 0.0315810693523706 0.0408544100899035 0.0413630521761664 0.0379136218896038 0.0382136356856643 0.0475885010025757 0.0644186886493032 0.0834356369541309 0.102594930261501
21 -0.00155019657349925 -2.13268371751477e-05 -4.19937433917631e-05 -5.33648936470048e-05 -2.76468924507155e-05 8.42156230938749e-05 0.000326574047510522 0.00068101756249416 0.001083302554603 0.00149797590998256 0.00191348518425093 0.0164175672378552 0.0320012067605545 0.0413533078887188 0.0414415105884772 0.0368461147736475 0.0367115040928414 0.0495317812284081 0.0741803458655841 0.102594930261502 0.131271299866456
