V1 V2 V3
1 -2.49310064165298 -3.65863810629373 -1.32756317701224
2 -2.36515168985935 -3.40421857942488 -1.32608480029381
3 -2.23719117345086 -3.16240512050177 -1.31197722639994
4 -2.10955903601614 -2.93451859051514 -1.28459948151714
5 -1.98259522114384 -2.72134934255856 -1.24384109972911
6 -1.85663967242256 -2.52240897598537 -1.19087036885975
7 -1.73204049172917 -2.33567870794399 -1.12840227551436
8 -1.60946293439565 -2.15950996900373 -1.05941589978758
9 -1.3747092195823 -1.8405410944584 -0.908877344706196
10 -1.26474262832368 -1.69794573604113 -0.831539520606226
11 -1.06501383358948 -1.4387060996909 -0.691321567488056
12 -0.976145944776481 -1.31962418268883 -0.632667706864136
13 -0.89405123485461 -1.20921259445007 -0.57888987525915
14 -0.818193158034352 -1.10888033051789 -0.527505985550813
15 -0.74803516852619 -1.01828769338879 -0.477782643663591
16 -0.683039854170894 -0.934921371339947 -0.431158337001841
17 -0.622486132429696 -0.856365557258418 -0.388606707600974
18 -0.565243127888722 -0.783470580010091 -0.347015675767353
19 -0.510124517472353 -0.717662900628982 -0.302586134315725
20 -0.455943978104968 -0.658232585547763 -0.253655370662173
21 -0.401515186710949 -0.60133173168141 -0.201698641740488
22 -0.345710744180171 -0.541720958259401 -0.14970053010094
23 -0.288284928515873 -0.47890612913878 -0.0976637278929672
24 -0.22967073450906 -0.41653978611406 -0.0428016829040596
25 -0.17031861590347 -0.35714554518594 0.0165083133789989
26 -0.110679026442848 -0.300283159710634 0.078925106824937
27 -0.0512024198709335 -0.243099389905889 0.140694550164022
28 0.00770544311388544 -0.183565106113822 0.198975992341593
29 0.0658175739946409 -0.12448401388832 0.256119161877602
30 0.122951677299722 -0.0692086283403085 0.315111982939752
31 0.178925457557514 -0.0184326016830135 0.376283516798041
32 0.233556619296403 0.0302091080196007 0.436904130573206
33 0.286680651486556 0.0803506106177966 0.493010692355314
34 0.338824413272159 0.132965541232143 0.544683285312174
35 0.391412878107072 0.185793682589976 0.597032073624169
36 0.445931041936148 0.237521798539553 0.654340285332742
37 0.503863900704238 0.289560308914306 0.718167492494169
38 0.566696450356192 0.34568646992907 0.787706430783314
39 0.635763925671217 0.409383234328794 0.86214461701364
40 0.711294732813632 0.478866244381721 0.943723221245543
41 0.793021194086552 0.550774448223296 1.03526793994981
42 0.880673291774873 0.62396525136973 1.13738133218002
43 0.973981008163492 0.699686148748162 1.24827586757882
44 1.0726738008685 0.779947407112073 1.36540019462493
45 1.1763698977192 0.864302266247606 1.4884375291908
46 1.28443935819983 0.948657592100846 1.62022112429881
47 1.39621866299106 1.02950309851879 1.76293422746333
48 1.51104429277358 1.1050520782567 1.91703650729046
49 1.62825272822805 1.17452891854111 2.081976537915
50 1.74719815566989 1.23667335036569 2.25772296097408
51 1.86749969017096 1.28847334820154 2.44652603214038
52 1.98898038948454 1.32726378904239 2.65069698992669
53 2.3587805149727 1.36410215257775 3.35345887736764
