V1 V2 V3 V4 V5 V6 V7 V8 V9 V10 V11 V12 V13
1 1.13123352895531e-05 8.34114975972583e-06 1.64327266984232e-05 2.21135959368333e-05 2.36911720346853e-05 2.86507650392386e-05 4.68702599746341e-05 6.95155222504538e-05 8.96998282379897e-05 0.000113816180140693 0.000141349646817422 0.000169653293406993 0.000197983179386505
2 8.34114975972703e-06 0.0239068647913324 0.04721869260159 0.0652225967173627 0.0722134470464663 0.0703922977588897 0.0677104496957257 0.0674928704363559 0.0679261630360107 0.0680441053143689 0.068040162686059 0.0680244172308529 0.0680088683960172
3 1.6432726698424e-05 0.0472186926015874 0.0933077490431786 0.129125544422747 0.143184172251446 0.139610355258784 0.134238385915753 0.133787850563161 0.134654279660742 0.134892654650361 0.134885655315487 0.134854492261428 0.134823688451857
4 2.21135959368351e-05 0.0652225967173611 0.12912554442275 0.180301877571163 0.201970329422734 0.19753011623295 0.189478277356215 0.188588386820584 0.189864543712772 0.190257585549818 0.190268629952516 0.190236701523011 0.190204901317348
5 2.36911720346871e-05 0.0722134470464662 0.143184172251451 0.201970329422737 0.230630683121436 0.228330048015622 0.218398931368697 0.216313779327346 0.217762426798995 0.218434921287498 0.21858845316273 0.218661950563859 0.218734172687776
6 2.86507650392401e-05 0.0703922977588884 0.139610355258788 0.197530116232951 0.228330048015619 0.230826020395291 0.222125797901129 0.218120345909381 0.218905906640058 0.219916351872835 0.220461690287689 0.220898754268029 0.221333071662688
7 4.68702599746351e-05 0.0677104496957235 0.134238385915755 0.189478277356213 0.218398931368692 0.222125797901127 0.217444759934135 0.21391654243384 0.212931484754769 0.213418307502083 0.214143074920186 0.214886249028934 0.215630834302856
8 6.95155222504558e-05 0.0674928704363558 0.133787850563167 0.188588386820587 0.216313779327346 0.218120345909383 0.213916542433844 0.214187904379157 0.213559195668592 0.212003347205687 0.211088593661867 0.210427870740373 0.20977789572084
9 8.96998282379903e-05 0.0679261630360084 0.134654279660743 0.189864543712771 0.21776242679899 0.218905906640056 0.212931484754769 0.213559195668588 0.216810580485998 0.216072112279046 0.213237657746527 0.210087889402113 0.206929991800276
10 0.000113816180140694 0.0680441053143668 0.134892654650363 0.190257585549817 0.218434921287494 0.219916351872833 0.213418307502083 0.212003347205683 0.216072112279047 0.221509027491411 0.224885384200696 0.2273595795726 0.229799132402327
11 0.000141349646817422 0.0680401626860569 0.134885655315489 0.190268629952515 0.218588453162726 0.220461690287687 0.214143074920186 0.211088593661863 0.213237657746527 0.224885384200696 0.24387129234952 0.264762998645148 0.285721068994138
12 0.000169653293406993 0.0680244172308493 0.134854492261427 0.190236701523007 0.218661950563851 0.220898754268024 0.214886249028931 0.210427870740366 0.21008788940211 0.227359579572596 0.264762998645145 0.308969521482103 0.353449120034132
13 0.000197983179386507 0.0680088683960176 0.134823688451863 0.190204901317353 0.218734172687777 0.221333071662691 0.215630834302861 0.209777895720841 0.206929991800282 0.229799132402332 0.285721068994143 0.35344912003414 0.421665850937643
