x
1 0.55724612640918
2 0.688915461825149
3 -0.480556799405744
4 0.585673413954745
5 0.657606096939369
6 0.847871026180198
7 -3.85359963430646
8 0.912599221764008
9 -0.627379341720226
10 -1.78870856110873
11 0.90788249383516
12 -1.68802886601081
13 0.686560147845
14 0.826979987166859
15 0.736443628377383
16 0.415195411286302
17 -0.0431152227990941
18 0.174329982320939
19 0.822784983272923
20 0.614359883996798
21 -0.176067914438028
22 -1.04152866170799
23 0.582029416052429
24 0.364283775781747
25 -3.08957072862778
26 0.426845174025631
27 -0.232900188601289
28 0.627185246022825
29 -1.67290792903002
30 0.754509863148171
31 -0.0277043597077395
32 0.93096617536302
33 0.762544194901237
34 -1.29548925244064
35 -0.767254075648358
36 0.570496992431701
37 0.328817660562644
38 0.900499250953922
39 -1.62139036576544
40 0.622975502582896
41 -1.15876875550253
42 -0.200640485756509
43 -0.354049129580224
44 0.445418147051051
45 -0.0860942382763448
46 -0.113688575089842
47 -0.463832210644896
48 0.873023558003773
49 -1.28875135658045
50 -2.11248375410728
51 0.109285446258994
52 -1.05389258038649
53 0.935375552042367
54 0.900435150896886
55 -0.582416900611029
56 0.391682437062614
57 0.293885719282173
58 -2.36212298303069
59 -1.85539993966604
60 0.844231597929674
61 0.374535843188619
62 0.824392327416563
63 -0.317673600493433
64 -3.21272816741866
65 0.815936654811733
66 0.274395668641362
67 -0.0371001689573109
68 0.699474821089871
69 0.815625611432864
70 0.792829892400317
71 0.162109177663592
72 0.656093184555361
73 0.71568421220473
74 0.110460625900157
75 -1.21684223778099
76 -4.94918174517981
77 0.737580863580734
78 0.31419311820264
79 -0.387008017580639
80 0.447934690859886
81 -0.269002580931992
82 0.663948422535715
83 -2.2815092636841
84 -0.0652564593696268
85 -0.542898516227613
86 0.377481517848239
87 0.328766938539372
88 0.363038609695124
89 0.988725478907348
90 -0.722797909069335
91 0.775734210452242
92 0.609844840900183
93 0.440275858113185
94 0.376999417762338
95 0.310620565260653
96 -1.05075548575578
97 0.885897073809311
98 0.406232910278254
99 0.191329190750004
100 0.465637587862706
101 0.862346216165549
102 -1.50248823981833
103 -0.803362057250332
104 -0.0307285697718218
105 0.989461162067345
106 0.607376892241584
107 -0.199934008588261
108 0.688375230861388
109 0.111507432610237
110 0.298871927954819
111 0.72308104377776
112 -0.503742729041826
113 -0.729485121991408
114 0.182192066865466
115 0.931286406114951
116 0.795078512161521
117 -0.303904115380202
118 0.290477315136695
119 -1.85958838574187
120 0.857098358327699
121 -0.167409215307209
122 0.230658115261857
123 0.941536195247834
124 0.51480707112249
125 -0.990471023423477
126 -0.460321076821929
127 0.568170467092312
128 0.515394812763534
129 0.966491878493024
130 0.61386225312424
131 0.489372324305309
132 0.699886967995727
133 0.902060110248252
134 0.692151392090595
135 0.309690760742696
136 -1.39663631455451
137 0.368174608215565
138 0.60548980067248
139 0.965367031010082
140 -1.66407139193834
141 -1.33744230329328
142 0.603464463641079
143 -0.188898086790207
144 0.435953698452764
145 0.651157498229151
146 -2.07542885842709
147 0.254711731962973
148 -0.412876448544475
149 0.225787953657032
150 -0.0137722604463195
151 -0.989953669461915
152 -0.539724222102262
153 -2.35994037472909
154 -0.37731638217995
155 0.633537601644427
156 -0.456134259796568
157 0.495104377114223
158 0.4218804898666
159 -0.544767576935975
160 -0.553201829571757
161 -0.973421560232742
162 -2.64656258887821
163 -0.361470708695206
164 -2.09321767328124
165 -0.265209817961209
167 0.19758116468786
168 0.22155955259844
169 0.478987460978057
170 -0.174923758036265
171 0.692465219403174
172 0.555077918336594
173 0.594969266848343
174 0.36370886085985
175 0.269505957208623
176 -0.657150836786447
177 0.28382634625483
178 -2.11093153035324
179 0.606767565884407
180 0.432898971250851
181 -1.9116230334085
182 -0.31682981093152
183 0.925074570954722
184 0.309123224179668
185 0.585305311349594
186 0.0758459030399977
187 -1.55242514343236
188 0.405661790289634
189 0.456380465627964
190 -0.0329055551983659
191 0.39781960914593
192 0.155649013161484
193 0.254359722796582
194 -1.20815186429239
195 0.0685791594007258
196 -3.38305301372806
197 0.0925642508654153
198 0.390300449824085
199 -1.40061020397827
200 -0.886480344450514
201 -0.506922633728807
202 0.494769189145962
203 0.315833832236014
204 0.594302125567055
205 0.938856174040755
206 0.840546496349197
207 0.655653638435229
208 0.156996863716045
209 -0.182201036753594
210 -0.108808727603693
212 -0.413416123063185
213 0.565406197821573
214 0.294009413725584
215 -0.186855836337074
216 -2.1723293680912
217 0.522209779585367
218 0.102795307914039
219 0.0924831975810251
220 -1.26666720182746
221 0.673387030266733
222 0.0810438710622211
223 -0.295464781372643
224 -0.559130573665218
225 -2.00488743146675
226 -1.33926490679498
227 -0.43571628286871
228 -1.23609166287769
229 0.768690592085091
230 -0.271455323288794
231 0.247894882880612
232 0.272868767189069
233 0.910917216702536
234 -2.03506392571688
235 0.131138264547932
236 0.291917927564589
237 -1.32298181603991
238 0.736188773223681
239 -0.463035065278338
240 -0.611563608031236
241 -0.521786805168869
242 0.0272932255406839
243 0.00908432855409147
244 -0.704936831239014
245 0.985404970893608
247 0.70666170767752
248 -0.000499403026430478
249 0.755844227868575
250 -1.3387065289468
251 -0.684418064306765
252 0.813438574671359
253 0.601071235954433
254 0.31510978848293
255 -0.208930387676803
256 0.262702417200981
257 0.990808578160148
258 -0.105170600570132
259 -0.341324510961398
260 0.407087889353815
261 -1.15049047435208
262 0.857898135035229
263 -1.76503454298088
264 0.96495738574046
265 0.419956939414542
266 0.279407318183075
267 0.652848400343539
268 -0.605348429840946
269 -0.337298826008492
270 0.901570906015039
271 -0.884137688977878
272 -1.72665878520497
273 0.606658929107004
274 0.383986088639479
275 -0.296771211808512
276 0.411849882343163
277 0.520120911987003
278 0.238790635539723
279 -0.639933639684708
280 -1.11799317938326
281 -0.0695661312356457
282 -1.47097129541233
283 0.435367558713696
284 -0.160655437711424
285 0.460021658414061
286 0.530098178037659
287 -0.18453376752942
288 0.660281214336502
289 0.567638627591567
290 0.873161686299251
291 -1.46517520601542
292 -1.25122637344095
293 -0.0883539156151987
294 -0.285943817966239
295 -0.0609184634090589
296 0.725782342326306
297 0.928800918678459
298 0.838271519338993
299 0.394437868371779
300 0.810086368821912
301 0.974448257827118
302 -1.34226043670968
303 -1.25687938127446
304 -0.157754334968267
305 -1.53614670906354
306 0.863776227319403
307 -0.511059327456148
308 0.0498520778934527
309 0.453199774156689
310 -2.25779685135124
311 0.790094336649288
313 -2.15652807787926
314 0.685696537210033
315 0.0294815903844585
316 0.0240235728167418
317 0.951989227242055
318 -1.55406535375546
319 -1.60795057980155
320 0.209116936209675
321 -0.168768037908844
322 -0.757575086454211
323 -0.0067245893398955
324 -1.045303805269
325 0.991213291377435
326 0.72572008953526
327 0.892341002867447
328 -0.113651195551276
329 -0.851153126203097
330 0.730020118453774
331 0.836437898091172
332 -0.536291945474489
333 -1.8567036512556
334 0.59998557157596
335 -0.318153494416095
336 0.650556626849626
337 -0.998020061322561
338 -0.965829273296147
339 0.815687330070809
340 0.460273832298377
341 0.718547392413804
342 -1.23898829542205
343 0.52485126367786
344 0.672861337109796
345 -0.875541032236415
346 0.173315051617086
347 -0.37932344455013
348 -0.398804748427407
349 -0.0607944441466743
350 -1.18576450602072
351 0.7352479728404
352 0.731078186563507
353 0.45356263822317
354 0.973414112389676
355 0.483684016594232
356 0.546107551380016
357 -0.966220853694526
358 -0.749713281579491
359 0.557894605365332
360 -0.31682981093152
361 0.953605140222819
362 -0.163921582292189
363 -0.622256728216184
364 -0.634016630557739
365 0.575573652287188
366 -0.811339934733156
367 -1.08919124487013
368 -0.535008030668432
369 -2.05180416098649
370 -0.325168073665943
371 0.615592024669221
372 -0.481758165973176
373 -1.93262798942852
374 0.233838837166778
375 -0.558000866739357
376 -1.18242226248255
377 0.098627195666346
378 0.681519787573089
379 0.660290951034934
380 0.744092567194072
381 -0.525943769537362
382 -0.772088318453502
383 -1.16505040573247
384 -0.354147507944816
385 -0.0886837876302846
386 0.495204088896116
387 0.993061613556956
388 -0.0774968337746095
389 -1.47084252307969
390 -0.0983787213172995
391 -0.323714646072818
392 0.0485349479744195
393 -1.24821856374355
394 0.983184857672215
395 0.258061898914716
396 -0.882195097371781
397 -1.98557811386523
398 0.762157623346742
399 -1.71936267761197
400 0.371753394040004
401 -0.34861915313979
402 0.743539067165882
403 0.12338268281592
404 0.887677103817214
405 0.0228938330580081
406 -0.452688501633502
407 -0.120078061128551
408 0.270689912315849
409 0.586466218077451
410 -0.218585206486018
411 -1.19460293647725
412 0.744824068603798
413 0.482168248471955
414 0.111975797501245
415 0.550348874012591
416 -0.367930752549134
417 0.366489820402641
418 -0.899337337240736
419 -0.531059294443801
420 0.349833260218918
421 -0.476810892326555
422 0.626614371742223
423 0.768129192388612
424 0.952995653094213
425 0.865802450844799
426 -0.391682672675144
427 0.59501081364832
428 -0.11057595090308
429 0.119304694525793
430 0.45788806546349
431 0.136329760532363
432 -0.594802111306804
433 0.309763906850083
434 0.984785789049195
435 -0.485222322481551
436 0.778813700533189
437 0.821963198789904
438 -1.61815111462587
439 0.968663170489756
440 0.946263163658425
441 0.210879217640793
442 -0.496840753759127
443 -0.337780048701446
444 -1.59276925332553
445 -0.215948066611421
446 -0.437453613442001
447 0.625673244157262
448 0.156511252117446
449 0.896147685563555
450 0.862486377458824
451 0.963935873121259
452 0.850071696630359
453 -1.36197523988065
454 -0.910544181731158
455 -0.141836158260982
456 0.837213858490902
457 -1.53921917937061
458 -0.105050506735998
459 -0.420523870104569
460 0.71792522069056
461 -0.652647719520958
462 -1.42344654046951
463 0.331633307920722
464 -0.929642810045031
465 0.713207574432922
466 0.101843347328941
467 0.74282145230897
468 -0.235965047009813
469 -0.882472526596713
470 -0.251161386945722
471 0.63191442421536
472 0.750094730833248
473 0.852755865382243
474 -0.226540534137426
475 -1.29684524059332
476 0.659622458732707
477 -0.658200220188235
478 0.750316896341937
479 -0.47326277381862
480 -0.818441779347666
481 0.223233696997749
482 -0.444219298958978
483 -0.794064151535412
484 -0.305161465925652
485 -0.366561078915566
486 0.397116704011387
487 -0.741355054879678
488 0.652465955651201
489 -1.95378053389567
490 0.645950806671206
491 -1.10672380937317
492 0.590127721153047
493 -1.34754549438726
494 0.0592334908963696
495 -0.0896593047296559
496 -0.802061118924363
497 -0.886963198778147
498 -0.69783439210801
499 0.228218556524307
500 -0.446821144110805
501 0.652211414993825
502 0.555828252936765
503 0.726855634869392
504 0.89154688608366
505 0.727728165534922
506 -1.50321688224721
507 0.507928326344904
508 0.900768964943416
509 0.923332378064942
510 -0.286329777919712
511 0.470454694280627
512 0.593747572323715
513 -0.542409052067561
514 -0.133465470572312
515 0.872132133172615
516 0.854137353786293
517 0.944502864300144
518 -1.01733657556022
519 0.432754559915812
520 0.92642676414709
521 -0.839957821884477
522 -0.674425143658871
523 0.983497824145021
524 -0.53159282407641
525 0.608144331831525
526 0.753846452453835
527 0.6782892440817
528 -1.35038345261163
529 0.803768186080559
530 0.75052932498794
531 0.568444280652902
532 -0.448643324911638
533 0.402910298545904
534 0.221442279968747
535 0.782446152331512
536 0.295584542548483
537 -0.0228836649510913
538 0.205144291098565
539 0.56226911543465
540 0.90163040912699
541 0.819863816008824
542 -0.148613845482528
543 0.98354088551885
544 -1.65550141684699
545 -2.38220894709374
546 0.494088639228842
547 0.473228257479876
548 0.678941820613046
549 -2.42055922371783
550 -0.367933324657431
551 0.550310996705479
552 0.582898773904258
553 -0.418189489955017
554 -0.767767100625673
555 0.672896494260446
556 -0.451592183790832
557 -0.349902082711419
558 0.949574615908225
559 0.516597104970636
560 0.959681800396802
561 -0.405990737245582
562 0.903934861114968
563 -0.231110341795323
564 -0.111856496845631
565 0.874027483928389
566 -1.86080269229119
567 -1.27732000362259
568 0.432972114492569
569 0.815741097206288
570 0.763065159594113
571 0.989624482747931
572 0.676280596391162
573 -1.12806092352753
574 -0.840215909298938
575 -0.476308690753959
576 0.687945042912151
577 -0.713801051984328
578 -1.07175497014149
579 -0.493153646907386
580 0.969630292036795
581 0.521886094777836
582 0.433886896622243
583 -2.8217098297277
584 0.704895890187143
585 0.44479843652886
586 -0.153799553351174
587 0.663790686889018
588 0.502066690785246
589 0.17663038247371
590 -0.774520257547326
591 0.87903837598717
592 -1.31862890941279
593 -0.0638734443355098
594 -1.05799944607612
595 -0.310776854588598
596 0.992785479294677
597 0.0448321048413904
598 0.963691643639322
599 -0.640456458025272
600 0.0202821653627597
601 0.290016585946083
602 0.53446274529307
603 -0.401611549083441
604 -1.85914868337228
605 0.42754810589587
606 0.0329623286461249
607 -1.68237682388353
608 -0.170000741637137
609 0.326021471233913
610 0.951393022538176
611 0.0140007647223717
612 0.869244189828378
613 -1.56457850003851
614 0.689347040154206
615 0.110009807295078
616 -0.452583433541764
617 0.744962852096437
618 0.21085578012505
620 0.404058633039244
621 -0.386470801219616
622 -0.447195435460207
623 -1.01026908084269
624 -0.162762725373941
625 -0.558100431201283
626 -1.03896016321202
627 0.889430476543701
628 -1.11386110579692
629 -1.04342029606332
630 -0.933240615771693
631 -2.13420827259756
632 -0.871068809061848
633 0.327803940242917
634 0.435843902657373
635 0.844006125716538
636 -0.638986762854242
637 0.989876938394844
638 -2.60505061976087
639 -0.393088687858431
640 0.949381431328715
641 0.986414581661717
642 0.770103524490499
643 -0.279023472739713
644 0.853893690936285
645 -0.384618587348845
646 -0.24129269861919
647 0.226855256191191
648 -0.158375350445413
649 -1.29314452109323
650 0.934858422435489
651 -0.182375598063379
652 0.0263533487790775
653 -0.284133723261313
654 0.872709553396929
655 -1.14033309752276
656 0.503816757290375
657 0.336742951704327
658 -0.450534973903967
659 -0.907796255671816
660 0.288482851227412
661 -0.469223413666136
662 0.856700167531763
663 0.599946051107579
664 0.909103101949804
665 0.989350196597627
666 -0.213331835630749
667 -0.270136076488124
668 0.893463126013422
669 -0.725253688245688
670 0.73471615011232
671 0.581851934319175
672 -0.417451217389433
673 0.414636588170199
674 0.905833938326511
675 0.867011834224267
676 -0.00365988641290427
677 -0.406098502181402
678 -0.132556947810251
679 -0.44597991775756
680 0.816503752928336
681 -1.28861298481837
682 0.807268047709619
683 0.65942746128019
684 -1.41665276559079
685 0.243591050368979
686 -0.228920390345321
687 -0.332753339235544
688 -0.228117034107466
689 -1.42234706378572
690 0.167669496724894
691 0.642169059412022
692 -0.697015133293045
693 0.977825973192235
694 -0.171389200907071
695 -0.879883005690003
696 0.732375483419218
697 -0.732439537854909
698 -1.53509441481234
699 -1.30385387628579
700 -0.153319541483915
701 -0.830710025267779
702 -0.276181277906192
703 0.817264568824775
704 -0.870767321829749
705 -1.07672966331579
706 -1.20047729495268
707 0.928610327707962
708 -0.991396775433405
709 -0.386253953675771
710 -0.733432159911795
711 0.259357194486755
712 0.415254120187037
713 -0.609396219516371
714 0.52552986351529
715 -0.222949651886987
716 -0.416178220750281
717 -0.364413726412242
718 0.970113834555967
719 -0.850406202376074
720 -0.695891434575883
721 -0.994213641902577
722 -0.703776534037957
723 -0.299828721890225
724 0.488521604751105
725 0.808000024040625
726 0.923356887725865
727 -0.596041811196888
728 0.371172367195361
729 0.128116004047424
730 -1.20054703285989
731 0.506221903147445
732 0.617867728012154
733 0.890334330050628
734 -1.28369417288645
735 -0.266596568020383
736 0.910409159543265
737 0.87659930253019
738 -1.35259492160326
739 -0.448885835022428
740 0.287121901940934
741 -0.19647310235411
742 -0.705891439552235
743 0.687149637523047
744 0.979577309154364
745 0.755899008085399
746 -0.730036652970083
747 -0.413249353230599
748 0.972172570428464
749 0.569425447883641
750 0.643638401668015
751 -1.54992336963349
752 0.687050650462372
753 0.35837310000073
754 -0.225677230513481
755 -0.575115194235204
756 -0.663293619949104
757 -0.336261177577219
758 -0.307692102994136
759 0.751387860383869
760 0.278987205643907
761 -0.481558093756099
762 -0.0864572335302367
763 0.732409839337768
764 -0.697889447046902
765 0.528906437444688
766 -0.591996666216045
767 0.507175557960081
768 0.917253255026422
769 -0.467574773183589
770 -0.321166833789106
771 0.721795391898398
772 -1.31317406773564
773 0.567893942582529
774 -1.44080980811749
775 0.615561191083422
776 0.931193427495441
777 -0.474173268813262
778 -0.740752096409822
779 -0.699847542487474
780 0.455849903441785
781 0.590217609612169
782 0.931570137152058
783 0.102477188700382
784 -1.15998778173656
785 0.644491792416838
786 -1.54944549343738
787 0.975394106996362
788 -0.722123809661138
789 0.993714667097294
790 0.77685500273237
791 0.948532088329307
792 0.726672592751925
793 -0.978877059643641
794 -2.70545404741234
795 0.33154407857683
796 -0.190736171312779
797 0.368187409624833
799 -0.364778505386038
800 0.944534490475346
801 0.42080764147869
802 0.890173778562261
803 -0.511177270859544
804 -0.169430039894303
805 -0.669483594894773
806 -0.0721213885653609
807 -0.340362781699113
808 -0.363244938164417
809 0.789224440088252
810 -1.09491489295963
811 -1.04964837562619
812 0.789841867910205
813 0.166729500766353
814 0.568023185013555
815 0.302592965399249
816 -0.671632020140519
817 -1.41265348464922
818 -0.399199406510312
819 -0.698055680474965
820 0.883541471444635
821 0.897446361276889
822 -0.599211199429443
823 0.770641501791068
824 0.581951153436603
825 0.651400632633351
826 0.883552308228556
827 0.0485877317865844
828 -0.899740392110077
829 0.527011427843738
830 0.73371842690545
831 0.952282971018921
832 0.277942194013599
833 0.483526831497708
834 0.783318968792815
835 -0.422664240010598
836 -0.902054123757585
837 0.631542198244538
838 0.966351065263126
839 -0.97647376085849
840 0.875461133839702
841 0.0514202444425235
842 0.394647694875259
843 0.746772417769381
844 -0.740682688627945
845 -0.84078858636563
846 0.917300768800428
847 -0.646165650912148
848 -1.93021477235363
849 -1.05726206332692
850 0.307812228625453
851 -0.765168927691948
852 0.928786268661476
853 0.424982513742514
854 0.960617031599921
855 0.662194192458476
856 -0.385199433761725
857 0.927675748131453
858 0.979923993968451
859 -0.383552853391389
860 0.167952845263372
861 0.679071814626867
862 -0.635823534710239
863 -0.70957494218206
864 0.443540824008555
865 0.666883413874138
866 -0.950741605857033
867 0.649388502043751
868 0.834075243775704
869 -1.27588234779039
870 0.013375805371333
871 -0.544761735908863
872 -1.028631045859
873 0.562691417366993
874 0.449291221081428
875 -0.133490220915485
876 0.754644201374943
877 -0.457063476895028
878 0.937342427371019
879 -0.733578639531224
880 0.895486330293734
881 -0.403871320561823
882 0.418930774976669
883 0.789047490491886
884 0.963215853485834
885 -0.422141797515084
886 0.875797413749879
887 0.316868407717132
888 0.911132284253189
889 0.787642991556737
890 -0.0737144975459054
891 0.505039494937985
892 -0.792726280543842
893 0.645856125929862
894 0.260397418094398
895 -0.333632222904261
896 0.733079426029629
897 0.664239511295467
898 0.491350765224115
900 0.293897110757327
901 0.88687151348525
902 0.804634619930833
903 -1.16185181562278
904 0.164029334671853
905 0.607003625547908
906 -0.7484973409411
907 -0.420948204722683
908 0.0637068157167296
909 0.789025164890263
910 0.988531217332905
911 0.528218892834706
912 -0.0850631029805578
913 0.0668856521522577
914 0.923039949711669
915 -0.114829528586652
917 0.871202774151611
918 -0.349858747741908
919 -0.395826083602791
920 -1.00022545519143
921 -0.229535340778728
922 0.28386817036449
923 0.831951413099792
924 0.93989483486624
925 -0.254966726758424
926 0.902028444928852
927 -0.0758692062511605
928 0.37719585258071
929 -0.814361093627701
930 -1.45060578522944
931 0.508615774706022
932 0.957772895238705
933 -1.64443852499169
934 0.798292585331852
935 -1.00486152111035
936 0.783445701929291
937 -0.825043963065889
938 -0.452851577115809
939 0.509227224851536
940 -0.886899583227888
941 0.803519910451845
942 -0.815987158698844
943 -0.716651490454843
944 -0.0686304889389635
945 0.241880966461412
946 -0.232348882997072
947 0.781699082034732
948 0.632011970381378
949 0.95764886349921
950 -1.29185070995262
951 -2.14574828857524
952 -0.376574615851015
953 0.894432568437196
954 0.491410729888813
955 -0.27042276807854
956 0.154481931662738
957 0.980198389750482
958 0.983984704511896
959 0.292472521118823
960 -0.629097800972606
961 0.983550545573318
962 0.780802070835277
963 -0.617241111110848
964 -0.582920700149296
965 0.919469655386975
966 0.450515982600688
967 -0.436377073792634
968 0.152024992794788
969 -1.4991066642257
970 0.889574611246008
971 0.855214041094557
972 -0.495594050911226
973 -0.305414120331447
975 -0.339716041551789
976 0.978478014293299
977 -0.34071019223793
978 -0.168427116070577
979 -0.413118728874686
980 -0.223340894510922
981 0.841511411364849
982 0.49909357640173
983 -0.320071794050211
984 0.985649036555306
985 0.333256268764832
986 -0.616817503703597
987 -0.145083255581032
988 -0.430601332902161
989 0.859869068459084
990 -0.23207224536707
991 0.364699522453764
992 -0.62102950407663
993 -0.629023825309445
994 -0.787764485904735
995 0.757096351581518
996 0.633325453135292
997 -0.443844126227571
998 0.582499410718318
999 0.800349303050255
1000 -0.462188297824933
1001 0.55477401373313
1002 0.592872494120664
1003 0.554576522373185
1004 -2.49364586338064
1005 -0.862825260887634
1006 0.944354811668967
1007 0.959557625047754
1008 -0.200427321847758
1009 0.254797703512773
1010 -0.400610218341105
1011 -1.37397407865453
1012 0.871545310973905
1013 0.194498548782109
1014 -0.780886956216629
1015 -0.121292333580651
1016 0.909817510286096
1017 -0.0741366894499977
1018 0.334745616268787
1019 0.934857972066022
1020 0.0110404958657225
1021 -0.216847052847805
1022 -0.676285268580709
1023 -0.739441490132589
1024 0.276512144253273
1025 -0.11963328255368
1026 0.949939826788637
1027 0.450515982600688
1028 0.347411828973017
1029 -0.10941898243288
1030 -0.608290155675902
1031 0.778429370354539
1032 0.570311337399189
1033 -1.73608776148671
1034 -0.610476170385145
1035 -0.587401409604934
1036 -0.306972883433381
1037 0.945344448863331
1038 -0.363025662221806
1039 0.518427497250353
1040 0.719434635614426
1041 -0.449693026050911
1042 0.933548338657002
1043 0.829267508513962
1044 -0.0444435109125817
1045 0.368295917366183
1046 0.802750019777071
1047 0.639246880346037
1048 -0.375468728696747
1049 0.226999684619826
1050 0.63069948985775
1051 0.790704376239218
1052 -0.889278365633848
1053 0.625508152040338
1054 0.930826079420048
1055 -0.871136756008036
1056 -0.883590554502934
1057 0.989281016253964
1058 0.894092367936692
1059 0.202534187129818
1060 0.15953425564398
1061 0.659647951804843
1062 0.946225435259861
1063 0.912020170566862
1064 0.570351807281637
1066 -0.151183354909542
1067 0.466371491099761
1068 0.988398920283255
1069 0.333533717645785
1070 0.590079703673923
1071 0.380729347291298
1072 0.803340185544435
1073 0.774281119359576
1074 -1.31990306851845
1075 0.923565039443089
1076 0.422253008473422
1077 0.385089187220422
1078 0.430271517924688
1079 -0.567657898656672
1080 0.583114960530971
1081 0.937203059839037
1082 0.45877399741593
1083 0.82113190192675
1084 -0.462200584264552
1085 0.884110972667739
1086 0.655001771195964
1087 -0.292158572029055
1088 0.981180728458125
1089 -0.540003735134102
1090 0.18314989499125
1091 0.922561833475376
1092 -0.796864457033748
1093 0.661697068504848
1094 0.810498913413521
1095 0.629583822802524
1096 0.55782173091232
1097 0.718188973570328
1098 0.324254015946531
1099 -0.401244913910721
1100 0.796807113807789
1101 0.392195642999586
1102 0.0737087250769043
1103 -0.241617711957218
1104 0.910147171731687
1105 -1.49453881176925
1106 -0.777135186325715
1107 -1.57439571690796
1108 0.145260985759115
1109 0.322231428433956
1110 -0.985016668351891
1111 0.985584854519189
1112 0.169744899970502
1113 0.952015143698007
1114 -0.665103536123811
1115 0.461117858969116
1116 0.628182368760664
1117 -1.85360202495356
1118 0.658384173401647
1119 -0.708655884840409
1120 0.935752882548441
1121 0.614337073719445
1122 0.544628829000924
1123 -0.557572994548666
1124 -1.17736542697829
1125 0.939469076913745
1126 -0.272286617922873
1127 0.305124175984123
1128 0.91737471642415
1129 -0.626427479268321
1130 -1.05987846807567
1131 0.839277554346349
1132 0.790115642719231
1133 0.87089377835644
1134 0.558028431547631
1135 0.829969994934525
1136 -1.55017435561594
1137 0.525010212058633
1138 -0.893717002868897
1139 0.703478162950616
1140 -0.822924388830224
1141 0.792335463784517
1142 0.725911742664332
1143 0.0671033729893882
1144 -1.07891588386152
1145 0.853209112835865
1146 -0.257692756266815
1147 -0.165494282500342
1148 0.477884357686608
1149 0.670124574530827
1150 0.216045856895948
1151 -0.904316000040322
1152 -0.56116302526153
1153 0.918220180763388
1154 0.986756402354976
1155 -0.686715708043121
1156 -0.528971863780441
1157 0.248052462540938
1158 -0.265374757646695
1159 -0.726452278931296
1160 -0.593731678412515
1161 -0.221634307374851
1162 0.30957603329181
1163 0.864608597256646
1164 0.875226091650063
1165 0.835192000217914
1166 0.762417430396952
1167 0.734436992432833
1168 0.1450863245983
1169 -1.28196659275205
1170 -0.466787992442734
1171 0.748406490787507
1172 -0.166124584877147
1173 0.582366632502609
1174 0.725105609211694
1175 0.340559193291236
1176 0.790295209648756
1177 -0.483182519127193
1178 0.849264748863854
1179 -0.750831170776276
1180 0.878918902398231
1181 0.488035968514968
1182 -0.341021390364913
1183 0.676758900983165
1184 0.415040701959349
1185 0.949714088874832
1186 0.917479178481779
1187 0.802389505305355
1188 0.987295942690749
1189 -0.773659966357876
1190 0.937748169899506
1191 -0.374177935975204
1192 0.960768743391958
1193 0.0776844477637876
1194 0.0211128267015468
1195 0.630802062472686
1196 -1.0490789091648
1197 0.532183581761956
1199 0.969573886482692
1200 0.403512293902399
1201 -0.579173494589703
1202 -0.143985714356696
1203 0.794856429751494
1204 -0.808060604514089
1205 -2.16015597933309
1206 -0.167797462816467
1207 -0.122280913741947
1208 0.642887827160053
1209 0.940270176948039
1210 -0.0460457509745542
1211 0.486840496740216
1212 -0.405272804978744
1213 -0.574156193468324
1214 0.880076697848879
1215 -0.292190201660733
1216 -0.0696514723918938
1217 -0.0673518200748411
1218 0.53082128203402
1219 -0.695291858389449
1220 0.609349034928356
1221 -0.15059994824938
1222 -0.957815412087802
1223 0.688088768844369
1224 -1.93076470111184
1225 0.102122832058331
1226 0.937535535213486
1227 0.700504205414661
1228 0.699319574341832
1229 -0.198442755707275
1231 0.996948686024271
1232 -0.171878674457687
1233 -0.649402013001052
1234 0.282649293662632
1235 0.70052820869212
1236 0.881031258722982
1237 0.969232563648667
1238 0.719994266017423
1239 -0.66426468883233
1240 -0.176388496522293
1241 -0.501262453344171
1242 0.425429845470826
1243 -0.846669660306664
1244 0.857237280412943
1245 0.969811661901006
1246 0.672726541519553
1247 0.872343705306417
1248 0.770150348891907
1249 -1.00620952250224
1250 0.98239755636298
1251 0.760451122538834
1252 0.480046590377214
1253 0.677305551044192
1254 0.586029376891009
1255 0.31553470852174
1256 0.147303994016287
1257 0.922416562588152
1258 0.43638774818369
1259 0.725943769981036
1260 -0.271304146767242
1261 0.226671998603742
1262 0.266199365786684
1263 -0.474257171893422
1264 0.980484447022908
1265 0.317344068969744
1266 -0.294111235306687
1267 -0.830028208927115
1268 -0.612880193178482
1269 -0.995277969720575
1270 -0.825352292534997
1271 -0.454453777762856
1272 0.878560491246067
1273 0.644697264976557
1274 -0.209971802375451
1275 -0.988413804118726
1276 0.993905857516035
1277 -0.100749328640657
1278 0.147079068430459
1279 -0.284761852372846
1280 -0.349194826143884
1281 -1.64821052009242
1282 -1.15108821276738
1283 0.601854029621311
1284 0.449146074073809
1285 0.644293073646097
1286 -0.819310877918885
1287 -0.301749751724161
1288 -0.852365798485939
1289 0.695429234741005
1290 -0.436040483248424
1291 -0.852350424691438
1292 0.993564308287847
1293 -0.519864405313627
1294 0.888928461430107
1295 0.890915005461311
1296 0.811290193358191
1297 -0.48120431283316
1298 0.481286009411205
1299 -0.945661459332155
1300 0.45908804801377
1301 -0.336983264717821
1302 -0.232784511002087
1303 -0.630922703874541
1304 0.995291001849989
1305 0.965874839168513
1306 -0.39471479873722
1307 0.584424925674706
1308 0.516618357141148
1309 -0.364529696152104
1310 0.259102077139096
1311 -0.40478712808011
1312 0.0728585587290016
1313 -0.116257997366156
1314 -0.0529101836187738
1316 -0.540835691206441
1317 -0.731968432162013
1318 0.167952845263372
1319 -1.95536363465323
1320 0.848843787978517
1321 0.641953470205481
1322 0.849644067286782
1323 0.883914347092895
1324 -1.92301400342225
1325 0.719395918166899
1326 -1.31111186357371
1327 -0.193482883156945
1328 0.752345063824294
1329 -0.376669105196563
1330 -0.131020573029483
1331 0.0300768114677374
1332 0.898154763635243
1333 0.97760556678559
1334 0.517609001307263
1335 -0.254613633566488
1336 -0.159483881269898
1337 -0.132174207305095
1338 0.495828028079271
1339 -0.251805715223602
1340 0.74762325539948
1341 -1.91251022255036
1342 -0.43873485141931
1343 0.867392019337487
1344 -0.377979988194686
1345 -1.47287368103729
1346 -1.16151582762834
1347 -0.225092140559122
1348 -1.01558105986298
1349 -0.474265854564623
1350 0.696775096950437
1351 0.500405858222863
1352 -0.978715799725215
1353 -0.574008223331501
1354 -0.25608553960818
1355 0.572910225122731
1356 0.858364704621679
1357 -0.638504593940459
1358 -0.510790150109187
1359 0.763339676974115
1360 -0.32742177384796
1361 -0.523265551856108
1362 -0.125430495443698
1363 0.193006539390544
1364 -0.399285023117195
1365 0.360581103904182
1366 0.567427385620966
1367 0.494544110969737
1368 -0.313054557994666
1369 -0.434891635469275
1370 -1.07535733675154
1371 0.534114001123613
1372 -1.17887234138044
1373 0.933365443161878
1374 0.623412139111276
1375 0.804574779136685
1376 0.832635176402128
1377 0.0489096895405441
1378 -0.14408574385913
1379 -0.281807766189316
1380 0.890779118250004
1381 -0.261528821264268
1382 0.827453953689638
1383 -0.870453545506007
1384 0.810502732148062
