V1 V2 V3 V4 V5 V6 V7 V8 V9 V10 V11
1 0.00193362279955175 8.09534313522217e-06 1.81424297029251e-05 4.71188148155123e-05 0.000119969764070893 0.000246616996938607 0.000417901630070294 0.000615220242032117 0.000822696370540178 0.00103214584051623 0.00124166963170238
2 8.09534313522238e-06 0.00383816690412922 0.00741897841588256 0.00928095500763582 0.0091251733559188 0.0084350174220296 0.00816933667549321 0.00820795239041119 0.0083113674401822 0.00841930822203998 0.00852729876254865
3 1.81424297029265e-05 0.00741897841588252 0.0143740540175718 0.0180878118221464 0.0178394062580957 0.0164752664657884 0.0159305032841018 0.0159982807728358 0.0162011714206457 0.0164141870754648 0.0166273384443078
4 4.71188148155127e-05 0.0092809550076358 0.0180878118221464 0.0233246045579433 0.0234944775026885 0.0216899382801701 0.0207718490607325 0.0207631481455604 0.0210037283266807 0.0212702238026439 0.0215373088288498
5 0.000119969764070895 0.0091251733559188 0.0178394062580957 0.0234944775026885 0.0245803024037293 0.0230957080205651 0.021828391593744 0.0214847438182552 0.0215211198733136 0.0216138630186137 0.0217083089449796
6 0.000246616996938609 0.00843501742202963 0.0164752664657885 0.0216899382801702 0.0230957080205652 0.0225478396530545 0.0215913606599554 0.020864025654695 0.0203677127863591 0.0199234286003322 0.0194810721026759
7 0.000417901630070294 0.00816933667549321 0.0159305032841019 0.0207718490607325 0.021828391593744 0.0215913606599554 0.021621481955049 0.0213810607771278 0.0208293923134649 0.0202174131573745 0.0196034511374944
8 0.000615220242032117 0.00820795239041119 0.0159982807728358 0.0207631481455605 0.0214847438182553 0.0208640256546949 0.0213810607771278 0.0227852981608299 0.0241359860650065 0.0253969596893233 0.026653407681522
9 0.000822696370540178 0.00831136744018215 0.0162011714206457 0.0210037283266807 0.0215211198733136 0.020367712786359 0.0208293923134648 0.0241359860650064 0.0291110333838021 0.034422119642331 0.0397446219286385
10 0.00103214584051623 0.00841930822204002 0.0164141870754649 0.021270223802644 0.0216138630186138 0.0199234286003322 0.0202174131573746 0.0253969596893234 0.0344221196423311 0.0444795422806531 0.0545814541077683
11 0.00124166963170238 0.00852729876254866 0.0166273384443079 0.0215373088288499 0.0217083089449796 0.0194810721026759 0.0196034511374944 0.026653407681522 0.0397446219286386 0.0545814541077682 0.0694976171916546
