V1 V2 V3 V4 V5 V6 V7 V8 V9 V10 V11
1 1.13276808478574e-05 1.26702408814607e-05 2.50924456111937e-05 3.33597248759414e-05 3.89531720707455e-05 5.92806849861165e-05 8.48864835135985e-05 0.000112377732645493 0.000143843654973532 0.000175668913419912 0.000207417514814556
2 1.26702408814607e-05 0.0487755487544827 0.0780781809145434 0.0902363146928644 0.0919084608616913 0.0904282877683097 0.0895573454994859 0.0894786812182009 0.0895820578476876 0.0896992185809814 0.0898167483815675
3 2.50924456111937e-05 0.0780781809145434 0.136842031346599 0.16126623540979 0.164653431037575 0.161694936057566 0.159946149717274 0.159785328035966 0.159990239890096 0.160222972109702 0.160456455242732
4 3.33597248759414e-05 0.0902363146928644 0.16126623540979 0.199901754060044 0.20594741137686 0.201647318357097 0.198917314120481 0.198605397200837 0.198870892554455 0.19918283811614 0.199496138087239
5 3.89531720707455e-05 0.0919084608616913 0.164653431037575 0.20594741137686 0.219493355036156 0.215059191389224 0.211072069619067 0.210313120066578 0.210455222730686 0.210684334753508 0.21091634113151
6 5.92806849861165e-05 0.0904282877683097 0.161694936057566 0.201647318357097 0.215059191389224 0.215942509401819 0.211272200790758 0.20947843140325 0.208968648715623 0.208627459305168 0.208292442201846
7 8.48864835135985e-05 0.0895573454994859 0.159946149717274 0.198917314120481 0.211072069619067 0.211272200790758 0.211331615313204 0.208805274289666 0.206984640670548 0.20536683558161 0.203757441063344
8 0.000112377732645493 0.0894786812182009 0.159785328035966 0.198605397200837 0.210313120066578 0.20947843140325 0.208805274289666 0.212037575664898 0.21196468590674 0.211630872715652 0.211289217477812
9 0.000143843654973532 0.0895820578476876 0.159990239890096 0.198870892554455 0.210455222730686 0.208968648715623 0.206984640670548 0.21196468590674 0.225839842187779 0.238053352102061 0.250202166540095
10 0.000175668913419912 0.0896992185809814 0.160222972109702 0.19918283811614 0.210684334753508 0.208627459305168 0.20536683558161 0.211630872715652 0.238053352102061 0.280596328752081 0.322992707306481
11 0.000207417514814556 0.0898167483815675 0.160456455242732 0.199496138087239 0.21091634113151 0.208292442201846 0.203757441063344 0.211289217477812 0.250202166540095 0.322992707306481 0.415192659600482
