x
1 97
2 92
3 94
4 92
5 93
6 90
7 90
8 90
9 93
10 91
11 96
12 90
13 90
14 97
15 90
16 90
17 93
18 95
19 94
20 94
21 92
22 93
23 94
24 90
25 90
26 94
27 101
28 90
29 91
30 93
31 95
32 91
33 93
34 96
35 90
36 96
37 92
38 91
39 95
40 90
41 92
42 90
43 93
44 90
45 94
46 94
47 90
48 97
49 91
50 92
51 92
52 91
53 94
54 100
55 90
56 99
57 96
58 94
59 94
60 92
61 94
62 90
63 93
64 96
65 92
66 95
67 92
68 91
69 93
70 93
71 90
72 90
73 90
74 96
75 94
76 90
77 90
78 91
79 90
80 97
81 92
82 60
83 60
84 60
85 60
86 60
87 60
88 60
89 60
90 60
91 60
92 60
93 60
94 60
95 60
96 60
97 60
98 60
99 60
100 60
101 60
102 60
103 60
104 60
105 60
106 60
107 60
108 60
109 60
110 60
111 60
112 60
113 60
114 60
115 60
116 60
117 60
118 60
119 60
120 60
121 60
122 60
123 60
124 60
125 60
126 60
127 60
128 60
129 60
130 60
131 60
132 60
133 60
134 60
135 60
136 60
137 60
138 60
139 60
140 60
141 60
142 60
143 60
144 60
145 60
146 60
147 60
148 60
149 60
150 60
151 60
152 60
153 60
154 60
155 60
156 60
157 60
158 60
159 60
160 60
161 60
162 60
163 60
164 60
165 60
166 60
167 60
168 60
169 60
170 60
171 60
172 60
173 60
174 60
175 60
176 60
177 60
178 60
179 60
180 60
181 60
182 60
183 60
184 60
185 60
186 60
187 60
188 60
189 60
190 60
191 60
192 60
193 60
194 60
195 60
196 60
197 60
198 60
199 60
200 60
201 60
202 60
203 60
204 60
205 60
206 60
207 60
208 60
209 60
210 60
211 60
212 60
213 60
214 60
215 60
216 60
217 60
218 60
219 60
220 60
221 60
222 60
223 60
224 60
225 60
226 60
227 60
228 60
229 60
230 60
231 60
232 60
233 60
234 60
235 60
236 60
237 60
238 60
239 60
240 60
241 60
242 60
243 60
244 60
245 60
246 60
247 60
248 60
249 60
250 60
251 60
252 60
253 60
254 60
255 60
256 60
257 60
258 60
259 60
260 60
261 60
262 60
263 60
264 60
265 60
266 60
267 60
268 60
269 60
270 60
271 60
272 60
273 60
274 60
275 60
276 60
277 60
278 60
279 60
280 60
281 60
282 60
283 60
284 60
285 60
286 60
287 60
288 60
289 60
290 60
291 60
292 60
293 60
294 60
295 60
296 60
297 60
298 60
299 60
300 60
301 60
302 60
303 60
304 60
305 60
306 60
307 84
308 82
309 86
310 86
311 82
312 84
313 87
314 88
315 83
316 82
317 80
318 81
319 89
320 80
321 85
322 88
323 80
324 82
325 87
326 80
327 87
328 89
329 83
330 87
331 84
332 82
333 87
334 80
335 86
336 80
337 83
338 82
339 80
340 80
341 83
342 80
343 81
344 82
345 84
346 88
347 82
348 85
349 80
350 82
351 84
352 80
353 83
354 83
355 84
356 81
357 83
358 84
359 81
360 86
361 81
362 88
363 81
364 81
365 84
366 86
367 83
368 82
369 86
370 84
371 85
372 82
373 83
374 81
375 80
376 82
377 81
378 81
379 84
380 86
381 83
382 83
383 80
384 81
385 83
386 81
387 80
388 85
389 83
390 81
391 80
392 83
393 80
394 83
395 82
396 89
397 86
398 82
399 88
400 82
401 84
402 84
403 86
404 81
405 80
406 80
407 88
408 84
409 84
410 82
411 80
412 80
413 81
414 82
415 86
416 85
417 84
418 84
419 85
420 82
421 80
422 83
423 80
424 88
425 88
426 83
427 80
428 89
429 85
430 86
431 85
432 86
433 83
434 87
435 80
436 83
437 83
438 87
439 88
440 89
441 87
442 87
443 81
444 89
445 83
446 82
447 83
448 82
449 80
450 80
451 83
452 85
453 88
454 86
455 85
456 81
457 81
458 83
459 88
460 87
461 88
462 83
463 85
464 86
465 87
466 80
467 88
468 87
469 89
470 80
471 82
472 84
473 84
474 85
475 80
476 84
477 83
478 89
479 83
480 81
481 84
482 87
483 82
484 87
485 84
486 83
487 82
488 82
489 83
490 84
491 81
492 81
493 83
494 81
495 85
496 84
497 81
498 82
499 85
500 85
501 83
502 84
503 85
504 81
505 80
506 81
507 80
508 82
509 85
510 81
511 80
512 84
513 82
514 80
515 82
516 83
517 87
518 88
519 89
520 82
521 82
522 85
523 80
524 85
525 81
526 84
527 80
528 82
529 89
530 84
531 81
532 82
533 81
534 81
535 83
536 83
537 84
538 81
539 85
540 85
541 81
542 86
543 82
544 87
545 80
546 89
547 82
548 81
549 89
550 86
551 80
552 82
553 87
554 88
555 86
556 84
557 84
558 89
559 81
560 84
561 83
562 85
563 89
564 89
565 83
566 80
567 82
568 86
569 82
570 84
571 84
572 82
573 82
574 84
575 88
576 86
577 87
578 87
579 81
580 80
581 80
582 85
583 84
584 83
585 89
586 88
587 82
588 80
589 88
590 84
591 81
592 84
593 81
594 83
595 88
596 82
597 83
598 89
599 85
600 80
601 82
602 81
603 85
604 86
605 83
606 81
607 85
608 85
609 87
610 81
611 80
612 82
613 83
614 87
615 86
616 81
617 82
618 82
619 89
620 84
621 84
622 82
623 86
624 84
625 82
626 82
627 87
628 80
629 82
630 80
631 85
632 82
633 84
634 81
635 85
636 83
637 86
638 88
639 82
640 83
641 83
642 82
643 84
644 80
645 82
646 82
647 80
648 81
649 85
650 83
651 86
652 80
653 82
654 83
655 83
656 81
657 83
658 84
659 83
660 80
661 81
662 86
663 83
664 85
665 84
666 87
667 85
668 82
669 82
670 82
671 83
672 83
673 82
674 83
675 85
676 85
677 80
678 84
679 88
680 89
681 81
682 80
683 84
684 86
685 89
686 80
687 84
688 83
689 87
690 81
691 83
692 82
693 87
694 89
695 82
696 88
697 86
698 88
699 84
700 82
701 82
702 82
703 84
704 85
705 82
706 84
707 81
708 88
709 80
710 86
711 82
712 82
713 82
714 83
715 89
716 83
717 84
718 83
719 86
720 86
721 80
722 84
723 84
724 82
725 87
726 89
727 80
728 89
729 81
730 87
731 82
732 80
733 88
734 81
735 84
736 80
737 82
738 86
739 84
740 81
741 83
742 84
743 87
744 80
745 83
746 85
747 80
748 81
749 89
750 88
751 87
752 86
753 84
754 81
755 81
756 86
757 83
758 87
759 82
760 83
761 82
762 87
763 83
764 89
765 89
766 60
767 60
768 60
769 60
770 60
771 60
772 60
773 60
774 60
775 60
776 60
777 60
778 60
779 60
780 60
781 60
782 60
783 60
784 60
785 60
786 60
787 60
788 60
789 60
790 60
791 60
792 60
793 60
794 60
795 60
796 60
797 60
798 60
799 60
800 60
801 60
802 60
803 60
804 60
805 60
806 60
807 60
808 60
809 60
810 60
811 60
812 60
813 60
814 60
815 60
816 60
817 60
818 60
819 60
820 60
821 60
822 60
823 60
824 60
825 60
826 60
827 60
828 60
829 60
830 60
831 60
832 60
833 60
834 60
835 60
836 60
837 60
838 60
839 60
840 60
841 60
842 60
843 60
844 60
845 60
846 60
847 60
848 60
849 60
850 60
851 60
852 60
853 60
854 60
855 60
856 60
857 60
858 60
859 60
860 60
861 60
862 60
863 60
864 60
865 60
866 60
867 60
868 60
869 60
870 60
871 60
872 60
873 60
874 60
875 60
876 60
877 60
878 60
879 60
880 60
881 60
882 60
883 60
884 60
885 60
886 60
887 60
888 60
889 60
890 60
891 60
892 60
893 60
894 60
895 60
896 60
897 60
898 60
899 60
900 60
901 60
902 60
903 60
904 60
905 60
906 60
907 60
908 60
909 60
910 60
911 60
912 60
913 60
914 60
915 60
916 60
917 60
918 60
919 60
920 60
921 60
922 60
923 60
924 60
925 60
926 60
927 60
928 60
929 60
930 60
931 60
932 60
933 60
934 60
935 60
936 60
937 60
938 60
939 60
940 60
941 60
942 60
943 60
944 60
945 60
946 60
947 60
948 60
949 60
950 60
951 60
952 60
953 60
954 60
955 60
956 60
957 60
958 60
959 60
960 60
961 60
962 60
963 60
964 60
965 60
966 60
967 60
968 60
969 60
970 60
971 60
972 60
973 60
974 60
975 60
976 60
977 60
978 60
979 60
980 60
981 60
982 60
983 60
984 60
985 60
986 60
987 60
988 60
989 60
990 60
991 60
992 60
993 60
994 60
995 60
996 60
997 60
998 60
999 60
1000 60
1001 60
1002 60
1003 60
1004 60
1005 60
1006 60
1007 60
1008 60
1009 60
1010 60
1011 60
1012 60
1013 60
1014 60
1015 60
1016 60
1017 60
1018 60
1019 60
1020 60
1021 60
1022 60
1023 60
1024 60
1025 60
1026 60
1027 60
1028 60
1029 60
1030 60
1031 60
1032 60
1033 60
1034 60
1035 78
1036 79
1037 76
1038 75
1039 77
1040 75
1041 76
1042 75
1043 76
1044 79
1045 76
1046 75
1047 76
1048 79
1049 75
1050 78
1051 79
1052 79
1053 75
1054 78
1055 79
1056 77
1057 77
1058 78
1059 77
1060 77
1061 78
1062 78
1063 78
1064 75
1065 76
1066 77
1067 79
1068 78
1069 79
1070 77
1071 76
1072 79
1073 78
1074 78
1075 78
1076 75
1077 76
1078 79
1079 75
1080 75
1081 76
1082 79
1083 78
1084 77
1085 76
1086 76
1087 77
1088 75
1089 77
1090 78
1091 77
1092 76
1093 78
1094 77
1095 76
1096 77
1097 77
1098 79
1099 76
1100 76
1101 79
1102 75
1103 76
1104 77
1105 79
1106 75
1107 79
1108 77
1109 78
1110 75
1111 77
1112 78
1113 75
1114 76
1115 79
1116 77
1117 75
1118 75
1119 79
1120 76
1121 79
1122 77
1123 77
1124 79
1125 76
1126 78
1127 77
1128 76
1129 76
1130 78
1131 76
1132 78
1133 76
1134 75
1135 76
1136 78
1137 76
1138 75
1139 78
1140 79
1141 75
1142 78
1143 77
1144 76
1145 79
1146 77
1147 79
1148 78
1149 79
1150 77
1151 77
1152 78
1153 77
1154 77
1155 77
1156 76
1157 78
1158 75
1159 76
1160 75
1161 78
1162 76
1163 78
1164 77
1165 78
1166 77
1167 76
1168 75
1169 76
1170 77
1171 79
1172 77
1173 75
1174 75
1175 76
1176 79
1177 76
1178 76
1179 78
1180 75
1181 78
1182 78
1183 79
1184 79
1185 75
1186 78
1187 76
1188 76
1189 79
1190 78
1191 76
1192 76
1193 76
1194 75
1195 78
1196 77
1197 79
1198 79
1199 75
1200 77
1201 75
1202 79
1203 77
1204 78
1205 77
1206 79
1207 79
1208 76
1209 76
1210 77
1211 76
1212 78
1213 78
1214 79
1215 78
1216 79
1217 79
1218 76
1219 79
1220 77
1221 77
1222 79
1223 75
1224 78
1225 79
1226 77
1227 79
1228 75
1229 75
1230 75
1231 76
1232 78
1233 78
1234 79
1235 78
1236 79
1237 77
1238 76
1239 76
1240 78
1241 78
1242 77
1243 79
1244 79
1245 77
1246 78
1247 76
1248 76
1249 77
1250 78
1251 76
1252 75
1253 77
1254 75
1255 75
1256 78
1257 76
1258 77
1259 76
1260 79
1261 78
1262 76
1263 76
1264 78
1265 76
1266 78
1267 76
1268 78
1269 76
1270 76
1271 75
1272 79
1273 78
1274 75
1275 78
1276 77
1277 76
1278 78
1279 78
1280 78
1281 75
1282 77
1283 75
1284 79
1285 78
1286 76
1287 75
1288 77
1289 78
1290 77
1291 75
1292 79
1293 76
1294 79
1295 76
1296 77
1297 75
1298 76
1299 78
1300 75
1301 76
1302 75
1303 77
1304 79
1305 76
1306 75
1307 76
1308 76
1309 75
1310 79
1311 78
1312 76
1313 75
1314 79
1315 77
1316 77
1317 79
1318 78
1319 77
1320 75
1321 76
1322 78
1323 79
1324 77
1325 75
1326 77
1327 79
1328 76
1329 77
1330 77
1331 79
1332 78
1333 79
1334 75
1335 77
1336 76
1337 75
1338 78
1339 78
1340 76
1341 77
1342 78
1343 79
1344 76
1345 76
1346 77
1347 76
1348 78
1349 78
1350 75
1351 78
1352 77
1353 75
1354 78
1355 77
1356 78
1357 76
1358 78
1359 75
1360 77
1361 77
1362 77
1363 77
1364 78
1365 75
1366 75
1367 79
1368 79
1369 76
1370 76
1371 75
1372 75
1373 79
1374 76
1375 77
1376 76
1377 77
1378 76
1379 78
1380 79
1381 79
1382 76
1383 76
1384 77
1385 79
1386 78
1387 79
1388 77
1389 76
1390 79
1391 78
1392 77
1393 78
1394 75
1395 77
1396 78
1397 79
1398 76
1399 78
1400 79
1401 79
1402 77
1403 75
1404 78
1405 78
1406 75
1407 76
1408 79
1409 78
1410 79
1411 76
1412 76
1413 76
1414 79
1415 78
1416 77
1417 76
1418 77
1419 75
1420 75
1421 75
1422 76
1423 79
1424 78
1425 79
1426 79
1427 78
1428 77
1429 77
1430 78
1431 75
1432 75
1433 78
1434 77
1435 77
1436 76
1437 75
1438 79
1439 75
1440 79
1441 76
1442 77
1443 73
1444 70
1445 72
1446 72
1447 73
1448 72
1449 73
1450 74
1451 70
1452 72
1453 74
1454 72
1455 71
1456 71
1457 73
1458 71
1459 74
1460 74
1461 73
1462 70
1463 71
1464 70
1465 74
1466 74
1467 71
1468 72
1469 73
1470 74
1471 71
1472 70
1473 71
1474 73
1475 73
1476 73
1477 74
1478 72
1479 71
1480 73
1481 70
1482 70
1483 72
1484 70
1485 74
1486 70
1487 74
1488 71
1489 71
1490 73
1491 73
1492 72
1493 71
1494 74
1495 72
1496 73
1497 70
1498 74
1499 71
1500 72
1501 72
1502 70
1503 71
1504 70
1505 74
1506 72
1507 71
1508 70
1509 71
1510 74
1511 72
1512 70
1513 70
1514 70
1515 71
1516 71
1517 73
1518 74
1519 74
1520 73
1521 72
1522 70
1523 71
1524 70
1525 70
1526 72
1527 70
1528 70
1529 71
1530 74
1531 70
1532 70
1533 70
1534 71
1535 72
1536 74
1537 70
1538 70
1539 72
1540 72
1541 70
1542 74
1543 71
1544 73
1545 72
1546 73
1547 72
1548 72
1549 73
1550 70
1551 74
1552 72
1553 71
1554 72
1555 72
1556 74
1557 70
1558 74
1559 71
1560 74
1561 71
1562 73
1563 71
1564 70
1565 73
1566 72
1567 73
1568 70
1569 71
1570 73
1571 72
1572 74
1573 74
1574 70
1575 74
1576 73
1577 74
1578 70
1579 71
1580 73
1581 71
1582 74
1583 72
1584 73
1585 74
1586 72
1587 72
1588 74
1589 73
1590 70
1591 74
1592 71
1593 74
1594 72
1595 74
1596 74
1597 72
1598 70
1599 73
1600 73
1601 73
1602 74
1603 71
1604 73
1605 71
1606 72
1607 74
1608 72
1609 73
1610 74
1611 71
1612 72
1613 70
1614 73
1615 72
1616 74
1617 72
1618 73
1619 72
1620 70
1621 70
1622 73
1623 74
1624 72
1625 72
1626 70
1627 70
1628 73
1629 70
1630 73
1631 74
1632 74
1633 71
1634 72
1635 74
1636 72
1637 72
1638 70
1639 73
1640 73
1641 70
1642 74
1643 70
1644 70
1645 74
1646 74
1647 73
1648 70
1649 73
1650 72
1651 72
1652 70
1653 74
1654 70
1655 72
1656 72
1657 71
1658 72
1659 74
1660 71
1661 71
1662 73
1663 73
1664 74
1665 73
1666 71
1667 73
1668 70
1669 74
1670 70
1671 73
1672 72
1673 71
1674 70
1675 71
1676 73
1677 71
1678 72
1679 73
1680 72
1681 71
1682 70
1683 74
1684 73
1685 70
1686 70
1687 71
1688 70
1689 71
1690 74
1691 73
1692 72
1693 72
1694 71
1695 71
1696 73
1697 70
1698 71
1699 70
1700 71
1701 71
1702 72
1703 71
1704 74
1705 72
1706 73
1707 74
1708 70
1709 70
1710 70
1711 73
1712 74
1713 70
1714 72
1715 73
1716 71
1717 72
1718 71
1719 70
1720 71
1721 71
1722 70
1723 73
1724 71
1725 70
1726 74
1727 74
1728 71
1729 71
1730 74
1731 72
1732 73
1733 70
1734 71
1735 73
1736 74
1737 74
1738 74
1739 72
1740 72
1741 72
1742 70
1743 74
1744 72
1745 73
1746 71
1747 73
1748 70
1749 71
1750 71
1751 70
1752 71
1753 70
1754 70
1755 74
1756 70
1757 74
1758 73
1759 74
1760 71
1761 71
1762 70
1763 71
1764 74
1765 70
1766 73
1767 70
1768 70
1769 71
1770 71
1771 70
1772 72
1773 72
1774 71
1775 72
1776 71
1777 72
1778 70
1779 72
1780 73
1781 70
1782 72
1783 71
1784 74
1785 70
1786 70
1787 70
1788 70
1789 74
1790 73
1791 71
1792 72
1793 73
1794 73
1795 70
1796 72
1797 71
1798 71
1799 70
1800 73
1801 71
1802 72
1803 71
1804 74
1805 73
1806 70
1807 74
1808 72
1809 71
1810 74
1811 70
1812 71
1813 73
1814 70
1815 72
1816 71
1817 73
1818 70
1819 70
1820 73
1821 71
1822 73
1823 71
1824 72
1825 74
1826 74
1827 71
1828 72
1829 72
1830 72
1831 73
1832 72
1833 73
1834 71
1835 72
1836 70
1837 72
1838 71
1839 70
1840 72
1841 70
1842 72
1843 70
1844 74
1845 73
1846 74
1847 70
1848 70
1849 72
1850 74
1851 72
1852 73
1853 70
1854 70
1855 72
1856 74
1857 73
1858 74
1859 73
1860 71
1861 74
1862 71
1863 72
1864 73
1865 71
1866 72
1867 71
1868 74
1869 72
1870 71
1871 72
1872 70
1873 71
1874 71
1875 73
1876 74
1877 73
1878 70
1879 74
1880 70
1881 70
1882 74
1883 74
1884 74
1885 74
1886 72
1887 74
1888 72
1889 70
1890 72
1891 72
1892 70
1893 73
1894 73
1895 71
1896 72
1897 71
1898 72
1899 73
1900 72
1901 70
1902 74
1903 73
1904 70
1905 70
1906 70
1907 72
1908 71
1909 70
1910 70
1911 73
1912 74
1913 70
1914 73
1915 73
1916 74
1917 73
1918 71
1919 70
1920 74
1921 73
1922 71
1923 70
1924 71
1925 70
1926 71
1927 73
1928 74
1929 73
1930 70
1931 71
1932 72
1933 72
1934 73
1935 72
1936 72
1937 72
1938 74
1939 73
1940 71
1941 74
1942 71
1943 73
1944 72
1945 74
1946 74
1947 73
1948 74
1949 71
1950 74
1951 72
1952 70
1953 70
1954 74
1955 71
1956 74
1957 73
1958 71
1959 73
1960 71
1961 74
1962 71
1963 74
1964 71
1965 70
1966 73
1967 70
1968 70
1969 72
1970 74
1971 70
1972 70
1973 73
1974 72
1975 70
1976 72
1977 73
1978 73
1979 70
1980 73
1981 74
1982 73
1983 73
1984 60
1985 60
1986 60
1987 60
1988 60
1989 60
1990 60
1991 60
1992 60
1993 60
1994 60
1995 60
1996 60
1997 60
1998 60
1999 60
2000 60
2001 60
2002 60
2003 60
2004 60
2005 60
2006 60
2007 60
2008 60
2009 60
2010 60
2011 60
2012 60
2013 60
2014 60
2015 60
2016 60
2017 60
2018 60
2019 60
2020 60
2021 60
2022 60
2023 60
2024 60
2025 60
2026 60
2027 60
2028 60
2029 60
2030 60
2031 60
2032 60
2033 60
2034 60
2035 60
2036 60
2037 60
2038 60
2039 60
2040 60
2041 60
2042 60
2043 60
2044 60
2045 60
2046 60
2047 60
2048 60
2049 60
2050 60
2051 60
2052 60
2053 60
2054 60
2055 60
2056 60
2057 60
2058 60
2059 60
2060 60
2061 60
2062 60
2063 60
2064 60
2065 60
2066 60
2067 60
2068 60
2069 60
2070 60
2071 60
2072 60
2073 60
2074 60
2075 60
2076 60
2077 60
2078 60
2079 60
2080 60
2081 60
2082 60
2083 60
2084 60
2085 60
2086 60
2087 60
2088 60
2089 60
2090 60
2091 60
2092 60
2093 60
2094 60
2095 60
2096 60
2097 60
2098 60
2099 60
2100 60
2101 60
2102 60
2103 60
2104 60
2105 60
2106 60
2107 60
2108 60
2109 60
2110 60
2111 60
2112 60
2113 60
2114 60
2115 60
2116 60
2117 60
2118 60
2119 60
2120 60
2121 60
2122 60
2123 60
2124 60
2125 60
2126 60
2127 60
2128 60
2129 60
2130 60
2131 60
2132 60
2133 60
2134 60
2135 60
2136 60
2137 60
2138 60
2139 60
2140 60
2141 60
2142 60
2143 60
2144 60
2145 60
2146 60
2147 60
2148 60
2149 60
2150 60
2151 60
2152 60
2153 60
2154 60
2155 60
2156 60
2157 60
2158 60
2159 60
2160 60
2161 60
2162 60
2163 60
2164 60
2165 60
2166 60
2167 60
2168 60
2169 60
2170 60
2171 60
2172 60
2173 60
2174 60
2175 60
2176 60
2177 60
2178 60
2179 60
2180 60
2181 60
2182 60
2183 60
2184 60
2185 60
2186 60
2187 60
2188 60
2189 60
2190 60
2191 60
2192 60
2193 60
2194 60
2195 60
2196 60
2197 60
2198 60
2199 60
2200 60
2201 60
2202 60
2203 60
2204 60
2205 60
2206 60
2207 60
2208 60
2209 60
2210 60
2211 60
2212 60
2213 60
2214 60
2215 60
2216 60
2217 60
2218 60
2219 60
2220 60
2221 60
2222 60
2223 60
2224 60
2225 60
2226 60
2227 60
2228 60
2229 60
2230 60
2231 60
2232 60
2233 60
2234 60
2235 60
2236 60
2237 60
2238 60
2239 60
2240 60
2241 60
2242 60
2243 60
2244 60
2245 60
2246 60
2247 60
2248 60
2249 60
2250 60
2251 60
2252 60
2253 60
2254 60
2255 60
2256 60
2257 60
2258 60
2259 60
2260 60
2261 60
2262 60
2263 60
2264 60
2265 60
2266 60
2267 60
2268 60
2269 60
2270 60
2271 60
2272 60
2273 60
2274 60
2275 60
2276 60
2277 60
2278 60
2279 60
2280 60
2281 60
2282 60
2283 60
2284 60
2285 60
2286 60
2287 60
2288 60
2289 60
2290 60
2291 60
2292 60
2293 60
2294 60
2295 60
2296 60
2297 60
2298 60
2299 60
2300 60
2301 60
2302 60
2303 60
2304 60
2305 60
2306 60
2307 60
2308 60
2309 60
2310 60
2311 60
2312 60
2313 60
2314 60
2315 60
2316 60
2317 60
2318 60
2319 60
2320 60
2321 60
2322 60
2323 60
2324 60
2325 60
2326 60
2327 60
2328 60
2329 60
2330 60
2331 60
2332 60
2333 60
2334 60
2335 60
2336 60
2337 60
2338 60
2339 60
2340 60
2341 60
2342 60
2343 60
2344 60
2345 60
2346 60
2347 60
2348 60
2349 60
2350 60
2351 60
2352 60
2353 60
2354 60
2355 60
2356 60
2357 60
2358 60
2359 60
2360 60
2361 60
2362 60
2363 60
2364 60
2365 60
2366 60
2367 60
2368 60
2369 60
2370 60
2371 60
2372 60
2373 60
2374 60
2375 60
2376 60
2377 60
2378 60
2379 60
2380 60
2381 60
2382 60
2383 60
2384 60
2385 60
2386 60
2387 60
2388 60
2389 60
2390 60
2391 60
2392 60
2393 60
2394 60
2395 60
2396 60
2397 60
2398 60
2399 60
2400 60
2401 60
2402 60
2403 60
2404 60
2405 60
2406 60
2407 60
2408 60
2409 60
2410 60
2411 60
2412 60
2413 60
2414 60
2415 60
2416 60
2417 60
2418 60
2419 60
2420 60
2421 60
2422 60
2423 60
2424 60
2425 60
2426 60
2427 60
2428 60
2429 60
2430 60
2431 60
2432 60
2433 60
2434 60
2435 60
2436 60
2437 60
2438 60
2439 60
2440 60
2441 60
2442 60
2443 60
2444 60
2445 60
2446 60
2447 60
2448 60
2449 60
2450 60
2451 60
2452 60
2453 60
2454 60
2455 60
2456 60
2457 60
2458 60
2459 60
2460 60
2461 60
2462 60
2463 60
2464 60
2465 60
2466 60
2467 60
2468 60
2469 60
2470 60
2471 60
2472 60
2473 60
2474 60
2475 60
2476 60
2477 60
2478 60
2479 60
2480 60
2481 60
2482 60
2483 60
2484 60
2485 60
2486 60
2487 60
2488 60
2489 60
2490 60
2491 60
2492 60
2493 60
2494 60
2495 60
2496 60
2497 60
2498 60
2499 60
2500 60
2501 60
2502 60
2503 60
2504 60
2505 60
2506 60
2507 60
2508 60
2509 60
2510 60
2511 60
2512 60
2513 60
2514 60
2515 60
2516 60
2517 60
2518 60
2519 60
2520 60
2521 60
2522 60
2523 60
2524 60
2525 60
2526 60
2527 60
2528 60
2529 60
2530 60
2531 60
2532 60
2533 60
2534 60
2535 60
2536 60
2537 60
2538 60
2539 60
2540 60
2541 60
2542 60
2543 60
2544 60
2545 60
2546 60
2547 60
2548 60
2549 60
2550 60
2551 60
2552 60
2553 60
2554 60
2555 60
2556 60
2557 60
2558 60
2559 60
2560 60
2561 60
2562 60
2563 60
2564 60
2565 60
2566 60
2567 60
2568 60
2569 60
2570 60
2571 60
2572 60
2573 60
2574 60
2575 60
2576 60
2577 60
2578 60
2579 60
2580 60
2581 60
2582 60
2583 60
2584 60
2585 60
2586 60
2587 60
2588 60
2589 60
2590 60
2591 60
2592 60
2593 60
2594 60
2595 60
2596 60
2597 60
2598 60
2599 60
2600 60
2601 60
2602 60
2603 60
2604 60
2605 60
2606 60
2607 60
2608 60
2609 60
2610 60
2611 60
2612 60
2613 60
2614 60
2615 60
2616 60
2617 60
2618 60
2619 60
2620 60
2621 60
2622 60
2623 60
2624 60
2625 60
2626 60
2627 60
2628 60
2629 60
2630 60
2631 60
2632 60
2633 60
2634 60
2635 60
2636 60
2637 60
2638 60
2639 60
2640 60
2641 60
2642 60
2643 60
2644 60
2645 60
2646 60
2647 60
2648 60
2649 60
2650 60
2651 60
2652 60
2653 60
2654 60
2655 60
2656 60
2657 60
2658 60
2659 60
2660 60
2661 60
2662 60
2663 60
2664 60
2665 60
2666 60
2667 60
2668 60
2669 60
2670 60
2671 60
2672 60
2673 60
2674 60
2675 60
2676 60
2677 60
2678 60
2679 60
2680 60
2681 60
2682 60
2683 60
2684 60
2685 60
2686 60
2687 60
2688 60
2689 60
2690 60
2691 60
2692 60
2693 60
2694 60
2695 60
2696 60
2697 60
2698 60
2699 60
2700 60
2701 60
2702 60
2703 60
2704 60
2705 60
2706 60
2707 60
2708 60
2709 60
2710 60
2711 60
2712 60
2713 60
2714 60
2715 60
2716 60
2717 60
2718 60
2719 60
2720 60
2721 60
2722 60
2723 60
2724 60
2725 60
2726 60
2727 60
2728 60
2729 60
2730 60
2731 60
2732 60
2733 60
2734 60
2735 60
2736 60
2737 60
2738 60
2739 60
2740 60
2741 60
2742 60
2743 60
2744 60
2745 60
2746 60
2747 60
2748 60
2749 60
2750 60
2751 60
2752 60
2753 60
2754 60
2755 60
2756 60
2757 60
2758 60
2759 60
2760 60
2761 60
2762 60
2763 60
2764 60
2765 60
2766 60
2767 60
2768 60
2769 60
2770 60
2771 60
2772 60
2773 60
2774 60
2775 60
2776 60
2777 60
2778 60
2779 60
2780 60
2781 60
2782 60
2783 60
2784 60
2785 60
2786 60
2787 60
2788 60
2789 60
2790 60
2791 60
2792 60
2793 60
2794 60
2795 60
2796 60
2797 60
2798 60
2799 60
2800 60
2801 60
2802 60
2803 60
2804 60
2805 60
2806 60
2807 60
2808 60
2809 60
2810 60
2811 60
2812 60
2813 60
2814 60
2815 60
2816 60
2817 60
2818 60
2819 60
2820 60
2821 60
2822 60
2823 60
2824 60
2825 60
2826 60
2827 60
2828 60
2829 60
2830 60
2831 60
2832 60
2833 60
2834 60
2835 60
2836 60
2837 60
2838 60
2839 60
2840 60
2841 60
2842 60
2843 60
2844 60
2845 60
2846 60
2847 60
2848 60
2849 60
2850 60
2851 60
2852 60
2853 60
2854 60
2855 60
2856 60
2857 60
2858 60
2859 60
2860 60
2861 60
2862 60
2863 60
2864 60
2865 60
2866 60
2867 60
2868 60
2869 60
2870 60
2871 60
2872 60
2873 60
2874 60
2875 60
2876 60
2877 60
2878 60
2879 60
2880 60
2881 60
2882 60
2883 60
2884 60
2885 60
2886 60
2887 60
2888 60
2889 60
2890 60
2891 60
2892 60
2893 60
2894 60
2895 60
2896 60
2897 60
2898 60
2899 60
2900 60
2901 60
2902 60
2903 60
2904 60
2905 60
2906 60
2907 60
2908 60
2909 60
2910 60
2911 60
2912 60
2913 69
2914 68
2915 69
2916 69
2917 66
2918 65
2919 69
2920 67
2921 68
2922 69
2923 66
2924 65
2925 66
2926 67
2927 66
2928 65
2929 65
2930 65
2931 69
2932 69
2933 65
2934 69
2935 68
2936 67
2937 68
2938 69
2939 68
2940 66
2941 69
2942 65
2943 68
2944 66
2945 68
2946 68
2947 68
2948 67
2949 69
2950 66
2951 67
2952 68
2953 65
2954 67
2955 69
2956 66
2957 65
2958 67
2959 67
2960 67
2961 69
2962 66
2963 68
2964 67
2965 68
2966 68
2967 66
2968 69
2969 66
2970 68
2971 66
2972 67
2973 66
2974 69
2975 69
2976 66
2977 69
2978 68
2979 66
2980 69
2981 69
2982 65
2983 67
2984 68
2985 69
2986 69
2987 67
2988 69
2989 66
2990 66
2991 68
2992 66
2993 68
2994 65
2995 67
2996 69
2997 68
2998 65
2999 67
3000 68
3001 68
3002 66
3003 66
3004 68
3005 67
3006 65
3007 66
3008 68
3009 68
3010 65
3011 66
3012 69
3013 68
3014 69
3015 67
3016 66
3017 67
3018 69
3019 69
3020 65
3021 69
3022 67
3023 66
3024 68
3025 66
3026 65
3027 65
3028 65
3029 69
3030 68
3031 65
3032 66
3033 68
3034 66
3035 66
3036 67
3037 65
3038 65
3039 65
3040 69
3041 66
3042 68
3043 68
3044 67
3045 66
3046 67
3047 68
3048 67
3049 65
3050 69
3051 67
3052 65
3053 69
3054 69
3055 68
3056 65
3057 65
3058 67
3059 69
3060 69
3061 66
3062 67
3063 67
3064 68
3065 69
3066 65
3067 69
3068 67
3069 69
3070 67
3071 66
3072 69
3073 65
3074 69
3075 68
3076 65
3077 68
3078 69
3079 69
3080 69
3081 68
3082 67
3083 66
3084 68
3085 66
3086 66
3087 69
3088 66
3089 65
3090 66
3091 66
3092 65
3093 69
3094 65
3095 68
3096 67
3097 68
3098 68
3099 68
3100 66
3101 66
3102 67
3103 66
3104 66
3105 68
3106 66
3107 69
3108 68
3109 65
3110 69
3111 69
3112 66
3113 66
3114 68
3115 69
3116 65
3117 65
3118 67
3119 68
3120 68
3121 65
3122 66
3123 68
3124 68
3125 67
3126 67
3127 65
3128 67
3129 66
3130 69
3131 67
3132 67
3133 65
3134 67
3135 67
3136 69
3137 67
3138 66
3139 67
3140 66
3141 68
3142 67
3143 65
3144 65
3145 68
3146 65
3147 68
3148 65
3149 69
3150 67
3151 65
3152 69
3153 67
3154 65
3155 66
3156 67
3157 65
3158 69
3159 69
3160 69
3161 68
3162 69
3163 67
3164 65
3165 66
3166 65
3167 66
3168 69
3169 65
3170 68
3171 67
3172 67
3173 68
3174 69
3175 67
3176 65
3177 69
3178 69
3179 65
3180 67
3181 69
3182 68
3183 69
3184 68
3185 67
3186 68
3187 68
3188 66
3189 65
3190 66
3191 67
3192 65
3193 65
3194 65
3195 66
3196 66
3197 68
3198 66
3199 66
3200 66
3201 66
3202 68
3203 65
3204 68
3205 66
3206 67
3207 65
3208 69
3209 66
3210 67
3211 69
3212 65
3213 66
3214 67
3215 68
3216 67
3217 69
3218 68
3219 68
3220 68
3221 66
3222 65
3223 65
3224 65
3225 68
3226 69
3227 69
3228 69
3229 65
3230 67
3231 68
3232 68
3233 66
3234 67
3235 67
3236 66
3237 65
3238 65
3239 67
3240 69
3241 66
3242 67
3243 66
3244 68
3245 69
3246 66
3247 67
3248 65
3249 68
3250 67
3251 65
3252 67
3253 68
3254 66
3255 65
3256 65
3257 68
3258 65
3259 65
3260 66
3261 69
3262 68
3263 67
3264 68
3265 66
3266 68
3267 69
3268 69
3269 68
3270 68
3271 69
3272 65
3273 68
3274 66
3275 66
3276 69
3277 67
3278 68
3279 68
3280 66
3281 66
3282 67
3283 67
3284 66
3285 65
3286 69
3287 66
3288 69
3289 66
3290 67
3291 67
3292 65
3293 67
3294 67
3295 65
3296 67
3297 66
3298 66
3299 67
3300 66
3301 69
3302 65
3303 68
3304 66
3305 67
3306 67
3307 68
3308 65
3309 65
3310 69
3311 68
3312 65
3313 67
3314 65
3315 67
3316 67
3317 66
3318 66
3319 67
3320 68
3321 65
3322 66
3323 65
3324 66
3325 66
3326 69
3327 68
3328 67
3329 69
3330 65
3331 67
3332 67
3333 69
3334 69
3335 69
3336 69
3337 65
3338 69
3339 68
3340 68
3341 69
3342 67
3343 67
3344 66
3345 65
3346 67
3347 67
3348 67
3349 68
3350 66
3351 69
3352 66
3353 67
3354 67
3355 69
3356 66
3357 68
3358 66
3359 69
3360 68
3361 66
3362 68
3363 66
3364 67
3365 65
3366 66
3367 66
3368 65
3369 68
3370 65
3371 65
3372 67
3373 65
3374 68
3375 66
3376 67
3377 67
3378 66
3379 65
3380 65
3381 68
3382 65
3383 68
3384 67
3385 65
3386 68
3387 67
3388 65
3389 66
3390 67
3391 65
3392 66
3393 66
3394 66
3395 67
3396 65
3397 65
3398 65
3399 68
3400 65
3401 67
3402 67
3403 69
3404 68
3405 66
3406 67
3407 67
3408 66
3409 67
3410 67
3411 69
3412 68
3413 66
3414 68
3415 67
3416 66
3417 69
3418 66
3419 68
3420 68
3421 67
3422 66
3423 68
3424 65
3425 66
3426 69
3427 67
3428 69
3429 67
3430 68
3431 69
3432 66
3433 68
3434 66
3435 68
3436 68
3437 68
3438 66
3439 69
3440 65
3441 65
3442 67
3443 69
3444 68
3445 67
3446 67
3447 68
3448 69
3449 67
3450 66
3451 65
3452 67
3453 69
3454 67
3455 67
3456 65
3457 69
3458 67
3459 67
3460 66
3461 69
3462 69
3463 65
3464 68
3465 67
3466 67
3467 65
3468 69
3469 69
3470 67
3471 68
3472 69
3473 69
3474 69
3475 67
3476 68
3477 68
3478 67
3479 65
3480 67
3481 67
3482 69
3483 67
3484 68
3485 65
3486 69
3487 66
3488 65
3489 68
3490 69
3491 65
3492 67
3493 66
3494 68
3495 69
3496 65
3497 66
3498 69
3499 68
3500 67
3501 66
3502 60
3503 60
3504 60
3505 60
3506 60
3507 60
3508 60
3509 60
3510 60
3511 60
3512 60
3513 60
3514 60
3515 60
3516 60
3517 60
3518 60
3519 60
3520 60
3521 60
3522 60
3523 60
3524 60
3525 60
3526 60
3527 60
3528 60
3529 60
3530 60
3531 60
3532 60
3533 60
3534 60
3535 60
3536 60
3537 60
3538 60
3539 60
3540 60
3541 60
3542 60
3543 60
3544 60
3545 60
3546 60
3547 60
3548 60
3549 60
3550 60
3551 60
3552 60
3553 60
3554 60
3555 60
3556 60
3557 60
3558 60
3559 60
3560 60
3561 60
3562 60
3563 60
3564 60
3565 60
3566 60
3567 60
3568 60
3569 60
3570 60
3571 60
3572 60
3573 60
3574 60
3575 60
3576 60
3577 60
3578 60
3579 60
3580 60
3581 60
3582 60
3583 60
3584 60
3585 60
3586 60
3587 60
3588 60
3589 60
3590 60
3591 60
3592 60
3593 60
3594 60
3595 60
3596 60
3597 60
3598 60
3599 60
3600 60
3601 60
3602 60
3603 60
3604 60
3605 60
3606 60
3607 60
3608 60
3609 60
3610 60
3611 60
3612 60
3613 60
3614 60
3615 60
3616 60
3617 60
3618 60
3619 60
3620 60
3621 60
3622 60
3623 60
3624 60
3625 60
3626 60
3627 60
3628 60
3629 60
3630 60
3631 60
3632 60
3633 60
3634 60
3635 60
3636 60
3637 60
3638 60
3639 60
3640 60
3641 60
3642 60
3643 60
3644 60
3645 60
3646 60
3647 60
3648 60
3649 60
3650 60
3651 60
3652 60
3653 60
3654 60
3655 60
3656 60
3657 60
3658 60
3659 60
3660 60
3661 60
3662 60
3663 60
3664 60
3665 60
3666 60
3667 60
3668 60
3669 60
3670 60
3671 60
3672 60
3673 60
3674 60
3675 60
3676 60
3677 60
3678 60
3679 60
3680 60
3681 60
3682 60
3683 60
3684 60
3685 60
3686 60
3687 60
3688 60
3689 60
3690 60
3691 60
3692 60
3693 60
3694 60
3695 60
3696 60
3697 60
3698 60
3699 60
3700 60
3701 60
3702 60
3703 60
3704 60
3705 60
3706 60
3707 60
3708 60
3709 60
3710 60
3711 60
3712 60
3713 60
3714 60
3715 60
3716 60
3717 60
3718 60
3719 60
3720 60
3721 60
3722 60
3723 60
3724 60
3725 60
3726 60
3727 60
3728 60
3729 60
3730 60
3731 60
3732 60
3733 60
3734 60
3735 60
3736 60
3737 60
3738 60
3739 60
3740 60
3741 60
3742 60
3743 60
3744 60
3745 60
3746 60
3747 60
3748 60
3749 60
3750 60
3751 60
3752 60
3753 60
3754 60
3755 60
3756 60
3757 60
3758 60
3759 60
3760 60
3761 60
3762 60
3763 60
3764 60
3765 60
3766 60
3767 60
3768 60
3769 60
3770 60
3771 60
3772 60
3773 60
3774 60
3775 60
3776 60
3777 60
3778 60
3779 60
3780 60
3781 60
3782 60
3783 60
3784 60
3785 60
3786 60
3787 60
3788 60
3789 60
3790 60
3791 60
3792 60
3793 60
3794 60
3795 60
3796 60
3797 60
3798 60
3799 60
3800 60
3801 60
3802 60
3803 60
3804 60
3805 60
3806 60
3807 60
3808 60
3809 60
3810 60
3811 60
3812 60
3813 60
3814 60
3815 60
3816 60
3817 60
3818 60
3819 60
3820 60
3821 60
3822 60
3823 60
3824 60
3825 60
3826 60
3827 60
3828 60
3829 60
3830 60
3831 60
3832 60
3833 60
3834 60
3835 60
3836 60
3837 60
3838 60
3839 60
3840 60
3841 60
3842 60
3843 60
3844 60
3845 60
3846 60
3847 60
3848 60
3849 60
3850 60
3851 60
3852 60
3853 60
3854 60
3855 60
3856 60
3857 60
3858 60
3859 60
3860 60
3861 60
3862 60
3863 60
3864 60
3865 60
3866 60
3867 60
3868 60
3869 60
3870 60
3871 60
3872 60
3873 60
3874 60
3875 60
3876 60
3877 60
3878 60
3879 60
3880 60
3881 60
3882 60
3883 60
3884 60
3885 60
3886 60
3887 60
3888 60
3889 60
3890 60
3891 60
3892 60
3893 60
3894 60
3895 60
3896 60
3897 60
3898 60
3899 60
3900 60
3901 60
3902 60
3903 60
3904 60
3905 60
3906 60
3907 60
3908 60
3909 60
3910 60
3911 60
3912 60
3913 60
3914 60
3915 60
3916 60
3917 60
3918 60
3919 60
3920 60
3921 60
3922 60
3923 60
3924 60
3925 60
3926 60
3927 60
3928 60
3929 60
3930 60
3931 60
3932 60
3933 60
3934 60
3935 60
3936 60
3937 60
3938 60
3939 60
3940 60
3941 60
3942 60
3943 60
3944 60
3945 60
3946 60
3947 60
3948 60
3949 60
3950 60
3951 60
3952 60
3953 60
3954 60
3955 60
3956 60
3957 60
3958 60
3959 60
3960 60
3961 60
3962 60
3963 60
3964 60
3965 60
3966 60
3967 60
3968 60
3969 60
3970 60
3971 60
3972 60
3973 60
3974 60
3975 60
3976 60
3977 60
3978 60
3979 60
3980 60
3981 60
3982 60
3983 60
3984 60
3985 60
3986 60
3987 60
3988 60
3989 60
3990 60
3991 60
3992 60
3993 60
3994 60
3995 60
3996 60
3997 60
3998 60
3999 60
4000 60
4001 60
4002 60
4003 60
4004 60
4005 60
4006 60
4007 60
4008 60
4009 60
4010 60
4011 60
4012 60
4013 60
4014 60
4015 60
4016 60
4017 60
4018 60
4019 60
4020 60
4021 60
4022 60
4023 60
4024 60
4025 60
4026 60
4027 60
4028 60
4029 60
4030 60
4031 60
4032 60
4033 60
4034 60
4035 60
4036 60
4037 60
4038 60
4039 60
4040 60
4041 60
4042 60
4043 60
4044 60
4045 60
4046 60
4047 60
4048 60
4049 60
4050 60
4051 60
4052 60
4053 60
4054 60
4055 60
4056 60
4057 60
4058 60
4059 60
4060 60
4061 60
4062 60
4063 60
4064 60
4065 60
4066 60
4067 60
4068 60
4069 60
4070 60
4071 60
4072 60
4073 60
4074 60
4075 60
4076 60
4077 60
4078 60
4079 60
4080 60
4081 60
4082 60
4083 60
4084 60
4085 60
4086 60
4087 60
4088 60
4089 60
4090 60
4091 60
4092 60
4093 62
4094 63
4095 62
4096 64
4097 62
4098 63
4099 62
4100 63
4101 64
4102 63
4103 64
4104 64
4105 60
4106 64
4107 61
4108 61
4109 61
4110 63
4111 64
4112 63
4113 61
4114 62
4115 63
4116 62
4117 63
4118 62
4119 62
4120 62
4121 63
4122 63
4123 60
4124 60
4125 60
4126 62
4127 61
4128 62
4129 60
4130 63
4131 60
4132 60
4133 64
4134 60
4135 63
4136 63
4137 61
4138 63
4139 64
4140 60
4141 61
4142 64
4143 61
4144 63
4145 62
4146 62
4147 60
4148 60
4149 60
4150 64
4151 63
4152 61
4153 62
4154 64
4155 64
4156 60
4157 62
4158 62
4159 63
4160 64
4161 63
4162 61
4163 63
4164 61
4165 60
4166 62
4167 60
4168 61
4169 61
4170 64
4171 64
4172 62
4173 63
4174 63
4175 63
4176 63
4177 61
4178 62
4179 63
4180 62
4181 61
4182 64
4183 61
4184 60
4185 63
4186 60
4187 63
4188 62
4189 63
4190 63
4191 61
4192 63
4193 63
4194 63
4195 64
4196 60
4197 62
4198 63
4199 62
4200 60
4201 64
4202 60
4203 64
4204 61
4205 63
4206 62
4207 64
4208 61
4209 62
4210 60
4211 62
4212 60
4213 60
4214 60
4215 63
4216 64
4217 61
4218 64
4219 61
4220 64
4221 60
4222 62
4223 62
4224 61
4225 63
4226 61
4227 64
4228 63
4229 60
4230 63
4231 61
4232 61
4233 61
4234 64
4235 64
4236 64
4237 63
4238 63
4239 64
4240 63
4241 62
4242 61
4243 62
4244 62
4245 61
4246 62
4247 62
4248 64
4249 62
4250 62
4251 62
4252 63
4253 64
4254 64
4255 63
4256 64
4257 60
4258 64
4259 63
4260 61
4261 61
4262 64
4263 63
4264 64
4265 61
4266 64
4267 62
4268 61
4269 64
4270 61
4271 63
4272 60
4273 61
4274 62
4275 61
4276 62
4277 61
4278 64
4279 60
4280 61
4281 62
4282 62
4283 60
4284 63
4285 60
4286 60
4287 60
4288 60
4289 63
4290 62
4291 62
4292 61
4293 64
4294 60
4295 63
4296 60
4297 64
4298 62
4299 63
4300 60
4301 64
4302 63
4303 61
4304 63
4305 62
4306 63
4307 61
4308 63
4309 60
4310 63
4311 61
4312 64
4313 62
4314 60
4315 63
4316 64
4317 64
4318 63
4319 61
4320 62
4321 61
4322 61
4323 61
4324 62
4325 62
4326 62
4327 61
4328 62
4329 62
4330 60
4331 62
4332 63
4333 61
4334 64
4335 61
4336 63
4337 62
4338 61
4339 62
4340 63
4341 64
4342 60
4343 61
4344 64
4345 62
4346 63
4347 64
4348 62
4349 60
4350 64
4351 61
4352 61
4353 60
4354 60
4355 63
4356 64
4357 60
4358 61
4359 62
4360 61
4361 60
4362 62
4363 63
4364 60
4365 61
4366 64
4367 60
4368 63
4369 60
4370 62
4371 63
4372 63
4373 63
4374 62
4375 64
4376 62
4377 60
4378 61
4379 60
4380 64
4381 63
4382 64
4383 64
4384 61
4385 61
4386 60
4387 62
4388 62
4389 60
4390 60
4391 61
4392 61
4393 63
4394 62
4395 63
4396 63
4397 61
4398 61
4399 63
4400 61
4401 64
4402 62
4403 64
4404 62
4405 60
4406 61
4407 62
4408 64
4409 61
4410 60
4411 63
4412 61
4413 60
4414 63
4415 62
4416 62
4417 62
4418 63
4419 63
4420 60
4421 60
4422 61
4423 61
4424 61
4425 61
4426 64
4427 61
4428 63
4429 63
4430 60
4431 64
4432 62
4433 64
4434 63
4435 62
4436 63
4437 63
4438 62
4439 60
4440 62
4441 61
4442 62
4443 63
4444 64
4445 60
4446 61
4447 63
4448 60
4449 63
4450 62
4451 62
4452 60
4453 60
4454 61
4455 61
4456 60
4457 60
4458 60
4459 60
4460 64
4461 62
4462 60
4463 60
4464 63
4465 60
4466 62
4467 60
4468 61
4469 64
4470 63
4471 62
4472 64
4473 63
4474 61
4475 62
4476 61
4477 62
4478 62
4479 61
4480 61
4481 62
4482 61
4483 63
4484 63
4485 63
4486 64
4487 60
4488 61
4489 62
4490 60
4491 64
4492 62
4493 63
4494 62
4495 62
4496 61
4497 63
4498 64
4499 60
4500 61
4501 64
4502 64
4503 61
4504 62
4505 63
4506 60
4507 61
4508 61
4509 64
4510 63
4511 60
4512 63
4513 64
4514 61
4515 61
4516 64
4517 64
4518 62
4519 64
4520 63
4521 62
4522 61
4523 60
4524 63
4525 63
4526 64
4527 63
4528 64
4529 63
4530 63
4531 63
4532 62
4533 62
4534 60
4535 64
4536 63
4537 63
4538 63
4539 62
4540 60
4541 60
4542 63
4543 61
4544 60
4545 64
4546 60
4547 60
4548 62
4549 62
4550 60
4551 63
4552 61
4553 64
4554 64
4555 63
4556 62
4557 63
4558 60
4559 60
4560 61
4561 63
4562 63
4563 60
4564 61
4565 63
4566 61
4567 60
4568 63
4569 63
4570 61
4571 64
4572 63
4573 64
4574 63
4575 61
4576 61
4577 63
4578 63
4579 61
4580 60
4581 63
4582 62
4583 63
4584 61
4585 61
4586 61
4587 63
4588 62
4589 60
4590 63
4591 64
4592 60
4593 60
4594 60
4595 60
4596 64
4597 63
4598 62
4599 63
4600 64
4601 62
4602 60
4603 62
4604 64
4605 63
4606 63
4607 61
4608 63
4609 62
4610 61
4611 60
4612 63
4613 63
4614 61
4615 61
4616 61
4617 62
4618 62
4619 60
4620 62
4621 60
4622 61
4623 60
4624 62
4625 60
4626 64
4627 63
4628 60
4629 64
4630 63
4631 61
4632 64
4633 62
4634 62
4635 60
4636 63
4637 64
4638 62
4639 61
4640 61
4641 63
4642 60
4643 60
4644 64
4645 63
4646 64
4647 62
4648 64
4649 64
4650 62
4651 63
4652 61
4653 63
4654 61
4655 61
4656 60
4657 62
4658 63
4659 64
4660 64
4661 63
4662 63
4663 61
4664 62
4665 61
4666 61
4667 61
4668 62
4669 63
4670 62
4671 60
4672 63
4673 62
4674 60
4675 63
4676 61
4677 60
4678 60
4679 61
4680 62
4681 64
4682 60
4683 60
4684 60
4685 61
4686 64
4687 60
4688 62
4689 64
4690 61
4691 63
4692 61
4693 62
4694 64
4695 61
4696 63
4697 61
4698 62
4699 62
4700 62
4701 61
4702 63
4703 60
4704 61
4705 62
4706 60
4707 60
4708 62
4709 64
4710 62
4711 60
4712 62
4713 60
4714 60
4715 64
4716 61
4717 62
4718 55
4719 55
4720 55
4721 57
4722 55
4723 57
4724 55
4725 58
4726 59
4727 56
4728 56
4729 55
4730 59
4731 58
4732 59
4733 55
4734 56
4735 55
4736 57
4737 58
4738 59
4739 56
4740 57
4741 58
4742 58
4743 57
4744 56
4745 56
4746 59
4747 59
4748 59
4749 55
4750 57
4751 55
4752 55
4753 56
4754 55
4755 58
4756 55
4757 59
4758 58
4759 58
4760 59
4761 57
4762 55
4763 55
4764 58
4765 55
4766 55
4767 59
4768 55
4769 56
4770 57
4771 57
4772 58
4773 59
4774 56
4775 55
4776 58
4777 56
4778 56
4779 58
4780 59
4781 56
4782 59
4783 59
4784 59
4785 55
4786 56
4787 55
4788 57
4789 59
4790 57
4791 55
4792 57
4793 58
4794 56
4795 56
4796 59
4797 59
4798 55
4799 59
4800 55
4801 55
4802 55
4803 55
4804 55
4805 58
4806 56
4807 59
4808 57
4809 57
4810 55
4811 58
4812 55
4813 58
4814 59
4815 57
4816 56
4817 58
4818 55
4819 59
4820 56
4821 57
4822 58
4823 59
4824 55
4825 55
4826 58
4827 59
4828 59
4829 58
4830 55
4831 56
4832 55
4833 59
4834 57
4835 56
4836 57
4837 59
4838 56
4839 58
4840 55
4841 56
4842 56
4843 56
4844 58
4845 56
4846 55
4847 57
4848 55
4849 56
4850 58
4851 59
4852 58
4853 58
4854 55
4855 56
4856 55
4857 57
4858 58
4859 55
4860 56
4861 57
4862 55
4863 55
4864 56
4865 58
4866 57
4867 57
4868 58
4869 59
4870 56
4871 55
4872 59
4873 55
4874 58
4875 55
4876 58
4877 56
4878 59
4879 55
4880 59
4881 57
4882 56
4883 59
4884 57
4885 57
4886 56
4887 56
4888 57
4889 56
4890 59
4891 57
4892 58
4893 58
4894 58
4895 56
4896 59
4897 55
4898 57
4899 59
4900 56
4901 56
4902 59
4903 57
4904 58
4905 57
4906 58
4907 59
4908 57
4909 58
4910 58
4911 56
4912 59
4913 59
4914 56
4915 58
4916 58
4917 59
4918 56
4919 59
4920 59
4921 58
4922 58
4923 56
4924 57
4925 56
4926 55
4927 57
4928 59
4929 59
4930 55
4931 58
4932 55
4933 56
4934 58
4935 58
4936 58
4937 57
4938 55
4939 57
4940 56
4941 55
4942 55
4943 55
4944 56
4945 58
4946 56
4947 55
4948 56
4949 56
4950 56
4951 55
4952 57
4953 55
4954 56
4955 56
4956 58
4957 58
4958 59
4959 55
4960 58
4961 55
4962 57
4963 55
4964 58
4965 59
4966 59
4967 55
4968 59
4969 59
4970 57
4971 55
4972 59
4973 58
4974 57
4975 57
4976 57
4977 56
4978 56
4979 59
4980 57
4981 55
4982 58
4983 58
4984 55
4985 58
4986 57
4987 58
4988 59
4989 57
4990 55
4991 58
4992 55
4993 58
4994 59
4995 59
4996 58
4997 56
4998 55
4999 56
5000 59
5001 59
5002 58
5003 56
5004 55
5005 55
5006 57
5007 55
5008 57
5009 58
5010 58
5011 57
5012 57
5013 56
5014 58
5015 58
5016 59
5017 56
5018 55
5019 56
5020 56
5021 56
5022 56
5023 55
5024 59
5025 56
5026 56
5027 59
5028 59
5029 57
5030 58
5031 56
5032 55
5033 57
5034 56
5035 56
5036 59
5037 58
5038 55
5039 57
5040 55
5041 55
5042 56
5043 59
5044 57
5045 56
5046 57
5047 56
5048 55
5049 59
5050 56
5051 57
5052 55
5053 58
5054 59
5055 58
5056 58
5057 59
5058 58
5059 55
5060 56
5061 55
5062 55
5063 57
5064 56
5065 59
5066 56
5067 57
5068 56
5069 59
5070 56
5071 58
5072 59
5073 56
5074 57
5075 56
5076 58
5077 55
5078 56
5079 57
5080 56
5081 57
5082 58
5083 55
5084 57
5085 57
5086 59
5087 58
5088 55
5089 57
5090 55
5091 56
5092 57
5093 56
5094 59
5095 58
5096 58
5097 57
5098 56
5099 55
5100 56
5101 57
5102 55
5103 58
5104 56
5105 56
5106 57
5107 59
5108 57
5109 58
5110 59
5111 56
5112 56
5113 59
5114 55
5115 58
5116 56
5117 59
5118 55
5119 55
5120 58
5121 55
5122 59
5123 58
5124 56
5125 55
5126 57
5127 56
5128 58
5129 59
5130 58
5131 55
5132 57
5133 55
5134 57
5135 58
5136 55
5137 57
5138 55
5139 55
5140 59
5141 59
5142 57
5143 55
5144 57
5145 57
5146 59
5147 59
5148 56
5149 59
5150 58
5151 59
5152 57
5153 56
5154 55
5155 59
5156 59
5157 56
5158 57
5159 58
5160 57
5161 55
5162 55
5163 59
5164 58
5165 55
5166 57
5167 55
5168 56
5169 56
5170 55
5171 55
5172 57
5173 56
5174 56
5175 57
5176 57
5177 57
5178 58
5179 57
5180 55
5181 57
5182 59
5183 57
5184 56
5185 55
5186 56
5187 59
5188 58
5189 55
5190 58
5191 58
5192 57
5193 59
5194 55
5195 58
5196 56
5197 58
5198 57
5199 56
5200 55
5201 56
5202 56
5203 57
5204 56
5205 55
5206 56
5207 57
5208 57
5209 57
5210 55
5211 55
5212 56
5213 58
5214 59
5215 55
5216 56
5217 59
5218 55
5219 56
5220 55
5221 59
5222 58
5223 58
5224 58
5225 59
5226 56
5227 57
5228 58
5229 57
5230 59
5231 58
5232 55
5233 59
5234 58
5235 55
5236 58
5237 55
5238 57
5239 57
5240 59
5241 56
5242 58
5243 58
5244 57
5245 59
5246 57
5247 58
5248 59
5249 57
5250 57
5251 58
5252 56
5253 58
5254 59
5255 56
5256 58
5257 57
5258 57
5259 57
5260 59
5261 55
5262 55
5263 56
5264 59
5265 58
5266 57
5267 59
5268 56
5269 57
5270 59
5271 58
5272 59
5273 58
5274 59
5275 55
5276 59
5277 55
5278 56
5279 57
5280 57
5281 57
5282 56
5283 59
5284 58
5285 58
5286 58
5287 57
5288 55
5289 55
5290 55
5291 58
5292 56
5293 55
5294 55
5295 56
5296 59
5297 57
5298 57
5299 55
5300 58
5301 58
5302 57
5303 58
5304 59
5305 58
5306 57
5307 57
5308 55
5309 58
5310 58
5311 59
5312 59
5313 57
5314 55
5315 55
5316 58
5317 55
5318 56
5319 58
5320 58
5321 56
5322 57
5323 59
5324 57
5325 55
5326 57
5327 57
5328 59
5329 59
5330 57
5331 56
5332 56
5333 57
5334 55
5335 55
5336 57
5337 58
5338 58
5339 56
5340 59
5341 55
5342 55
5343 57
5344 55
5345 59
5346 55
5347 59
5348 58
5349 59
5350 58
5351 59
5352 56
5353 58
5354 56
5355 59
5356 55
5357 57
5358 58
5359 56
5360 56
5361 59
5362 57
5363 57
5364 59
5365 55
5366 59
5367 56
5368 58
5369 55
5370 58
5371 56
5372 55
5373 56
5374 57
5375 57
5376 58
5377 59
5378 57
5379 59
5380 58
5381 55
5382 57
5383 56
5384 58
5385 57
5386 56
5387 56
5388 57
5389 59
5390 57
5391 56
5392 58
5393 58
5394 57
5395 56
5396 59
5397 59
5398 58
5399 55
5400 56
5401 56
5402 59
5403 56
5404 57
5405 57
5406 56
5407 59
5408 57
5409 56
5410 59
5411 57
5412 55
5413 58
5414 57
5415 55
5416 58
5417 59
5418 58
5419 58
5420 55
5421 58
5422 58
5423 57
5424 59
5425 58
5426 57
5427 59
5428 55
5429 56
5430 55
5431 55
5432 57
5433 57
5434 58
5435 56
5436 58
5437 58
5438 57
5439 56
5440 59
5441 59
5442 59
5443 59
5444 59
5445 58
5446 55
5447 57
5448 58
5449 59
5450 57
5451 57
5452 58
5453 58
5454 56
5455 55
5456 59
5457 58
5458 55
5459 58
5460 55
5461 58
5462 59
5463 58
5464 58
5465 57
5466 56
5467 59
5468 58
5469 55
5470 59
5471 56
5472 56
5473 57
5474 59
5475 57
5476 58
5477 56
5478 55
5479 59
5480 59
5481 57
5482 55
5483 58
5484 60
5485 60
5486 60
5487 60
5488 60
5489 60
5490 60
5491 60
5492 60
5493 60
5494 60
5495 60
5496 60
5497 60
5498 60
5499 60
5500 60
5501 60
5502 60
5503 60
5504 60
5505 60
5506 60
5507 60
5508 60
5509 60
5510 60
5511 60
5512 60
5513 60
5514 60
5515 60
5516 60
5517 60
5518 60
5519 60
5520 60
5521 60
5522 60
5523 60
5524 60
5525 60
5526 60
5527 60
5528 60
5529 60
5530 60
5531 60
5532 60
5533 60
5534 60
5535 60
5536 60
5537 60
5538 60
5539 60
5540 60
5541 60
5542 60
5543 60
5544 60
5545 60
5546 60
5547 60
5548 60
5549 60
5550 60
5551 60
5552 60
5553 60
5554 60
5555 60
5556 60
5557 60
5558 60
5559 60
5560 60
5561 60
5562 60
5563 60
5564 60
5565 60
5566 60
5567 60
5568 60
5569 60
5570 60
5571 60
5572 60
5573 60
5574 60
5575 60
5576 60
5577 60
5578 60
5579 60
5580 60
5581 60
5582 60
5583 60
5584 60
5585 60
5586 60
5587 60
5588 60
5589 60
5590 60
5591 60
5592 60
5593 60
5594 60
5595 60
5596 60
5597 60
5598 60
5599 60
5600 60
5601 60
5602 60
5603 60
5604 60
5605 60
5606 60
5607 60
5608 60
5609 60
5610 60
5611 60
5612 60
5613 60
5614 60
5615 60
5616 60
5617 60
5618 60
5619 60
5620 60
5621 60
5622 60
5623 60
5624 60
5625 60
5626 60
5627 60
5628 60
5629 60
5630 60
5631 60
5632 60
5633 60
5634 60
5635 60
5636 60
5637 60
5638 60
5639 60
5640 60
5641 60
5642 60
5643 60
5644 60
5645 60
5646 60
5647 60
5648 60
5649 60
5650 60
5651 60
5652 60
5653 60
5654 60
5655 60
5656 60
5657 60
5658 60
5659 60
5660 60
5661 60
5662 60
5663 60
5664 60
5665 60
5666 60
5667 60
5668 60
5669 60
5670 60
5671 60
5672 60
5673 60
5674 60
5675 60
5676 60
5677 60
5678 60
5679 60
5680 60
5681 60
5682 60
5683 60
5684 60
5685 60
5686 60
5687 60
5688 60
5689 60
5690 60
5691 60
5692 60
5693 60
5694 60
5695 60
5696 60
5697 60
5698 60
5699 60
5700 60
5701 60
5702 60
5703 60
5704 60
5705 60
5706 60
5707 60
5708 60
5709 60
5710 60
5711 60
5712 60
5713 60
5714 60
5715 60
5716 60
5717 60
5718 60
5719 60
5720 60
5721 60
5722 60
5723 60
5724 60
5725 60
5726 60
5727 60
5728 60
5729 60
5730 60
5731 60
5732 60
5733 60
5734 60
5735 60
5736 60
5737 60
5738 60
5739 60
5740 60
5741 60
5742 60
5743 60
5744 60
5745 60
5746 60
5747 60
5748 60
5749 60
5750 60
5751 60
5752 60
5753 60
5754 60
5755 60
5756 60
5757 60
5758 60
5759 60
5760 60
5761 60
5762 60
5763 60
5764 60
5765 60
5766 60
5767 60
5768 60
5769 60
5770 60
5771 60
5772 60
5773 60
5774 60
5775 60
5776 60
5777 60
5778 60
5779 60
5780 60
5781 60
5782 60
5783 60
5784 60
5785 60
5786 60
5787 60
5788 60
5789 60
5790 60
5791 60
5792 60
5793 60
5794 60
5795 60
5796 60
5797 60
5798 60
5799 60
5800 60
5801 60
5802 60
5803 60
5804 60
5805 60
5806 60
5807 60
5808 60
5809 60
5810 60
5811 60
5812 60
5813 60
5814 60
5815 60
5816 60
5817 60
5818 60
5819 60
5820 60
5821 60
5822 60
5823 60
5824 60
5825 60
5826 60
5827 60
5828 60
5829 60
5830 60
5831 60
5832 60
5833 60
5834 60
5835 60
5836 60
5837 60
5838 60
5839 60
5840 60
5841 60
5842 60
5843 60
5844 60
5845 60
5846 60
5847 60
5848 60
5849 60
5850 60
5851 60
5852 60
5853 60
5854 60
5855 60
5856 60
5857 60
5858 60
5859 60
5860 60
5861 60
5862 60
5863 60
5864 60
5865 60
5866 60
5867 60
5868 60
5869 60
5870 60
5871 60
5872 60
5873 60
5874 60
5875 60
5876 60
5877 60
5878 60
5879 60
5880 60
5881 60
5882 60
5883 60
5884 60
5885 60
5886 60
5887 60
5888 60
5889 60
5890 60
5891 60
5892 60
5893 60
5894 60
5895 60
5896 60
5897 60
5898 60
5899 60
5900 60
5901 60
5902 60
5903 60
5904 60
5905 60
5906 60
5907 60
5908 60
5909 60
5910 60
5911 60
5912 60
5913 60
5914 60
5915 60
5916 60
5917 60
5918 60
5919 60
5920 60
5921 60
5922 60
5923 60
5924 60
5925 60
5926 60
5927 60
5928 60
5929 60
5930 60
5931 60
5932 60
5933 60
5934 60
5935 60
5936 60
5937 60
5938 60
5939 60
5940 60
5941 60
5942 60
5943 60
5944 60
5945 60
5946 60
5947 60
5948 60
5949 60
5950 60
5951 60
5952 60
5953 60
5954 60
5955 60
5956 60
5957 60
5958 60
5959 60
5960 60
5961 60
5962 60
5963 60
5964 60
5965 60
5966 60
5967 60
5968 60
5969 60
5970 60
5971 60
5972 60
5973 60
5974 60
5975 60
5976 60
5977 60
5978 60
5979 60
5980 60
5981 60
5982 60
5983 60
5984 60
5985 60
5986 60
5987 60
5988 60
5989 60
5990 60
5991 60
5992 60
5993 60
5994 60
5995 60
5996 60
5997 60
5998 60
5999 60
6000 60
6001 60
6002 60
6003 60
6004 60
6005 60
6006 60
6007 60
6008 60
6009 60
6010 60
6011 60
6012 60
6013 60
6014 60
6015 60
6016 60
6017 60
6018 60
6019 60
6020 60
6021 60
6022 60
6023 60
6024 60
6025 60
6026 60
6027 60
6028 60
6029 60
6030 60
6031 60
6032 60
6033 60
6034 60
6035 60
6036 60
6037 60
6038 60
6039 60
6040 60
6041 60
6042 60
6043 60
6044 60
6045 60
6046 60
6047 60
6048 60
6049 60
6050 60
6051 60
6052 60
6053 60
6054 60
6055 60
6056 60
6057 60
6058 60
6059 60
6060 60
6061 60
6062 60
6063 60
6064 60
6065 60
6066 60
6067 60
6068 60
6069 60
6070 60
6071 60
6072 60
6073 60
6074 60
6075 60
6076 60
6077 60
6078 60
6079 60
6080 60
6081 60
6082 60
6083 60
6084 60
6085 60
6086 60
6087 60
6088 60
6089 60
6090 60
6091 60
6092 60
6093 60
6094 60
6095 60
6096 60
6097 60
6098 60
6099 60
6100 60
6101 60
6102 60
6103 60
6104 60
6105 60
6106 60
6107 60
6108 60
6109 60
6110 60
6111 60
6112 60
6113 60
6114 60
6115 60
6116 60
6117 60
6118 60
6119 60
6120 60
6121 60
6122 60
6123 60
6124 60
6125 60
6126 60
6127 60
6128 60
6129 60
6130 60
6131 60
6132 60
6133 60
6134 60
6135 60
6136 60
6137 60
6138 60
6139 60
6140 60
6141 60
6142 60
6143 60
6144 60
6145 60
6146 60
6147 60
6148 60
6149 60
6150 60
6151 60
6152 60
6153 60
6154 60
6155 60
6156 60
6157 60
6158 60
6159 60
6160 60
6161 60
6162 60
6163 60
6164 60
6165 60
6166 60
6167 60
6168 60
6169 60
6170 60
6171 60
6172 60
6173 60
6174 60
6175 60
6176 60
6177 60
6178 60
6179 60
6180 60
6181 60
6182 60
6183 60
6184 60
6185 60
6186 60
6187 60
6188 60
6189 60
6190 60
6191 60
6192 60
6193 60
6194 60
6195 60
6196 60
6197 60
6198 60
6199 60
6200 60
6201 60
6202 60
6203 60
6204 60
6205 60
6206 60
6207 60
6208 60
6209 60
6210 60
6211 60
6212 60
6213 60
6214 60
6215 60
6216 60
6217 60
6218 60
6219 60
6220 60
6221 60
6222 60
6223 60
6224 60
6225 60
6226 60
6227 60
6228 60
6229 60
6230 60
6231 60
6232 60
6233 60
6234 60
6235 60
6236 60
6237 60
6238 60
6239 60
6240 60
6241 60
6242 60
6243 60
6244 60
6245 60
6246 60
6247 60
6248 60
6249 60
6250 60
6251 60
6252 60
6253 60
6254 60
6255 60
6256 60
6257 60
6258 60
6259 60
6260 60
6261 60
6262 60
6263 60
6264 60
6265 60
6266 60
6267 60
6268 60
6269 60
6270 60
6271 60
6272 60
6273 60
6274 60
6275 60
6276 60
6277 60
6278 60
6279 60
6280 60
6281 60
6282 60
6283 60
6284 60
6285 60
6286 60
6287 60
6288 60
6289 60
6290 60
6291 60
6292 60
6293 60
6294 60
6295 60
6296 60
6297 60
6298 60
6299 60
6300 60
6301 60
6302 60
6303 60
6304 60
6305 60
6306 60
6307 60
6308 60
6309 60
6310 60
6311 60
6312 60
6313 60
6314 60
6315 60
6316 60
6317 60
6318 60
6319 60
6320 60
6321 60
6322 60
6323 60
6324 60
6325 60
6326 60
6327 60
6328 60
6329 60
6330 60
6331 60
6332 60
6333 60
6334 60
6335 60
6336 60
6337 60
6338 60
6339 60
6340 60
6341 60
6342 60
6343 60
6344 60
6345 60
6346 60
6347 60
6348 60
6349 60
6350 60
6351 60
6352 60
6353 60
6354 60
6355 60
6356 60
6357 60
6358 60
6359 60
6360 60
6361 60
6362 60
6363 60
6364 60
6365 60
6366 60
6367 60
6368 60
6369 60
6370 60
6371 60
6372 60
6373 60
6374 60
6375 60
6376 60
6377 60
6378 60
6379 60
6380 60
6381 60
6382 60
6383 60
6384 60
6385 60
6386 60
6387 60
6388 60
6389 60
6390 60
6391 60
6392 60
6393 60
6394 60
6395 60
6396 60
6397 60
6398 60
6399 60
6400 60
6401 60
6402 60
6403 60
6404 60
6405 60
6406 60
6407 60
6408 60
6409 60
6410 60
6411 60
6412 60
6413 60
6414 60
6415 60
6416 60
6417 60
6418 60
6419 60
6420 60
6421 60
6422 60
6423 60
6424 60
6425 60
6426 60
6427 60
6428 60
6429 60
6430 60
6431 60
6432 60
6433 60
6434 60
6435 60
6436 60
6437 60
6438 60
6439 60
6440 60
6441 60
6442 60
6443 60
6444 60
6445 60
6446 60
6447 60
6448 60
6449 60
6450 60
6451 60
6452 60
6453 60
6454 60
6455 60
6456 60
6457 60
6458 60
6459 60
6460 60
6461 60
6462 60
6463 60
6464 60
6465 60
6466 60
6467 60
6468 60
6469 60
6470 60
6471 60
6472 60
6473 60
6474 60
6475 60
6476 60
6477 60
6478 60
6479 60
6480 60
6481 60
6482 60
6483 60
6484 60
6485 60
6486 60
6487 60
6488 60
6489 60
6490 60
6491 60
6492 60
6493 60
6494 60
6495 60
6496 60
6497 60
6498 60
6499 60
6500 60
6501 60
6502 60
6503 60
6504 60
6505 60
6506 60
6507 60
6508 60
6509 60
6510 60
6511 60
6512 60
6513 60
6514 60
6515 60
6516 60
6517 60
6518 60
6519 60
6520 60
6521 60
6522 60
6523 60
6524 60
6525 60
6526 60
6527 60
6528 60
6529 60
6530 60
6531 60
6532 60
6533 60
6534 60
6535 60
6536 60
6537 60
6538 60
6539 60
6540 60
6541 60
6542 60
6543 60
6544 60
6545 60
6546 60
6547 60
6548 60
6549 60
6550 60
6551 60
6552 60
6553 60
6554 60
6555 60
6556 60
6557 60
6558 60
6559 60
6560 60
6561 60
6562 60
6563 60
6564 60
6565 60
6566 60
6567 60
6568 60
6569 60
6570 60
6571 60
6572 60
6573 60
6574 60
6575 60
6576 60
6577 60
6578 60
6579 60
6580 60
6581 60
6582 60
6583 60
6584 60
6585 60
6586 60
6587 60
6588 60
6589 60
6590 60
6591 60
6592 60
6593 60
6594 60
6595 60
6596 60
6597 60
6598 60
6599 60
6600 60
6601 60
6602 60
6603 60
6604 60
6605 60
6606 60
6607 60
6608 60
6609 60
6610 60
6611 60
6612 60
6613 60
6614 60
6615 60
6616 60
6617 60
6618 60
6619 60
6620 60
6621 60
6622 60
6623 60
6624 60
6625 60
6626 60
6627 60
6628 60
6629 60
6630 60
6631 60
6632 60
6633 60
6634 60
6635 60
6636 60
6637 60
6638 60
6639 60
6640 60
6641 60
6642 60
6643 60
6644 60
6645 60
6646 60
6647 60
6648 60
6649 60
6650 60
6651 60
6652 60
6653 60
6654 60
6655 60
6656 60
6657 60
6658 60
6659 60
6660 60
6661 60
6662 60
6663 60
6664 60
6665 60
6666 60
6667 60
6668 60
6669 60
6670 60
6671 60
6672 60
6673 60
6674 60
6675 60
6676 60
6677 60
6678 60
6679 60
6680 60
6681 60
6682 60
6683 60
6684 60
6685 60
6686 60
6687 60
6688 60
6689 60
6690 60
6691 60
6692 60
6693 60
6694 60
6695 60
6696 60
6697 60
6698 60
6699 60
6700 60
6701 60
6702 60
6703 60
6704 60
6705 60
6706 60
6707 60
6708 60
6709 60
6710 60
6711 60
6712 60
6713 60
6714 60
6715 60
6716 60
6717 60
6718 60
6719 60
6720 60
6721 60
6722 60
6723 60
6724 60
6725 60
6726 60
6727 60
6728 60
6729 60
6730 60
6731 60
6732 60
6733 60
6734 60
6735 60
6736 60
6737 60
6738 60
6739 60
6740 60
6741 60
6742 60
6743 60
6744 60
6745 60
6746 60
6747 60
6748 60
6749 60
6750 60
6751 60
6752 60
6753 60
6754 60
6755 60
6756 60
6757 60
6758 60
6759 60
6760 60
6761 60
6762 60
6763 60
6764 60
6765 60
6766 60
6767 60
6768 60
6769 60
6770 60
6771 60
6772 60
6773 60
6774 60
6775 60
6776 60
6777 60
6778 60
6779 60
6780 60
6781 60
6782 60
6783 60
6784 60
6785 60
6786 60
6787 60
6788 60
6789 60
6790 60
6791 60
6792 60
6793 60
6794 60
6795 60
6796 60
6797 60
6798 60
6799 60
6800 60
6801 60
6802 60
6803 60
6804 60
6805 60
6806 60
6807 60
6808 60
6809 60
6810 60
6811 60
6812 60
6813 60
6814 60
6815 60
6816 60
6817 60
6818 60
6819 60
6820 60
6821 60
6822 60
6823 60
6824 60
6825 60
6826 60
6827 60
6828 60
6829 60
6830 60
6831 60
6832 60
6833 60
6834 60
6835 60
6836 60
6837 60
6838 60
6839 60
6840 60
6841 60
6842 60
6843 60
6844 60
6845 60
6846 60
6847 60
6848 60
6849 60
6850 60
6851 60
6852 60
6853 60
6854 60
6855 60
6856 60
6857 60
6858 60
6859 60
6860 60
6861 60
6862 60
6863 60
6864 60
6865 60
6866 60
6867 60
6868 60
6869 60
6870 60
6871 60
6872 60
6873 60
6874 60
6875 60
6876 60
6877 60
6878 60
6879 60
6880 60
6881 60
6882 60
6883 60
6884 60
6885 60
6886 60
6887 60
6888 60
6889 60
6890 60
6891 60
6892 60
6893 60
6894 60
6895 60
6896 60
6897 60
6898 60
6899 60
6900 60
6901 60
6902 60
6903 60
6904 60
6905 60
6906 60
6907 60
6908 60
6909 60
6910 60
6911 60
6912 60
6913 60
6914 60
6915 60
6916 60
6917 60
6918 60
6919 60
6920 60
6921 60
6922 60
6923 60
6924 60
6925 60
6926 60
6927 60
6928 60
6929 60
6930 60
6931 60
6932 60
6933 60
6934 60
6935 60
6936 60
6937 60
6938 60
6939 60
6940 60
6941 60
6942 60
6943 60
6944 60
6945 60
6946 60
6947 60
6948 60
6949 60
6950 60
6951 60
6952 60
6953 60
6954 60
6955 60
6956 60
6957 60
6958 60
6959 60
6960 60
6961 60
6962 60
6963 60
6964 60
6965 60
6966 60
6967 60
6968 60
6969 60
6970 60
6971 60
6972 60
6973 60
6974 60
6975 60
6976 60
6977 60
6978 60
6979 60
6980 60
6981 60
6982 60
6983 60
6984 60
6985 60
6986 60
6987 60
6988 60
6989 60
6990 60
6991 60
6992 60
6993 60
6994 50
6995 50
6996 52
6997 51
6998 54
6999 50
7000 53
7001 51
7002 51
7003 50
7004 51
7005 50
7006 54
7007 52
7008 50
7009 52
7010 50
7011 50
7012 52
7013 53
7014 53
7015 52
7016 51
7017 54
7018 51
7019 53
7020 50
7021 53
7022 53
7023 54
7024 51
7025 53
7026 51
7027 52
7028 54
7029 50
7030 53
7031 52
7032 53
7033 50
7034 50
7035 52
7036 52
7037 54
7038 50
7039 53
7040 54
7041 51
7042 51
7043 53
7044 52
7045 52
7046 53
7047 51
7048 53
7049 54
7050 52
7051 54
7052 52
7053 50
7054 54
7055 54
7056 50
7057 50
7058 51
7059 52
7060 51
7061 50
7062 51
7063 53
7064 53
7065 50
7066 51
7067 52
7068 53
7069 53
7070 54
7071 51
7072 50
7073 53
7074 53
7075 54
7076 51
7077 54
7078 53
7079 53
7080 51
7081 53
7082 50
7083 52
7084 52
7085 54
7086 51
7087 54
7088 53
7089 51
7090 52
7091 53
7092 50
7093 50
7094 51
7095 52
7096 51
7097 52
7098 53
7099 50
7100 51
7101 50
7102 52
7103 51
7104 51
7105 54
7106 50
7107 50
7108 54
7109 51
7110 51
7111 50
7112 52
7113 50
7114 51
7115 50
7116 50
7117 52
7118 53
7119 54
7120 51
7121 54
7122 50
7123 50
7124 54
7125 51
7126 52
7127 54
7128 54
7129 51
7130 51
7131 50
7132 53
7133 50
7134 50
7135 54
7136 50
7137 52
7138 52
7139 53
7140 51
7141 52
7142 52
7143 53
7144 51
7145 52
7146 53
7147 50
7148 50
7149 50
7150 50
7151 50
7152 53
7153 53
7154 54
7155 54
7156 53
7157 53
7158 50
7159 54
7160 50
7161 51
7162 51
7163 54
7164 53
7165 52
7166 53
7167 51
7168 50
7169 50
7170 53
7171 52
7172 50
7173 50
7174 52
7175 51
7176 54
7177 50
7178 52
7179 54
7180 50
7181 52
7182 51
7183 52
7184 53
7185 53
7186 50
7187 53
7188 51
7189 51
7190 50
7191 51
7192 52
7193 50
7194 50
7195 51
7196 51
7197 53
7198 52
7199 51
7200 54
7201 50
7202 53
7203 52
7204 53
7205 50
7206 51
7207 51
7208 52
7209 51
7210 54
7211 52
7212 54
7213 50
7214 53
7215 50
7216 53
7217 52
7218 53
7219 53
7220 52
7221 51
7222 52
7223 50
7224 54
7225 53
7226 54
7227 52
7228 54
7229 54
7230 54
7231 52
7232 51
7233 54
7234 50
7235 54
7236 52
7237 51
7238 52
7239 51
7240 51
7241 52
7242 54
7243 54
7244 51
7245 51
7246 53
7247 52
7248 51
7249 51
7250 54
7251 54
7252 52
7253 51
7254 53
7255 52
7256 54
7257 52
7258 53
7259 51
7260 51
7261 54
7262 52
7263 50
7264 54
7265 50
7266 52
7267 51
7268 52
7269 51
7270 52
7271 53
7272 50
7273 54
7274 50
7275 51
7276 53
7277 53
7278 52
7279 54
7280 54
7281 52
7282 50
7283 53
7284 52
7285 53
7286 54
7287 51
7288 50
7289 54
7290 53
7291 52
7292 53
7293 50
7294 52
7295 50
7296 50
7297 51
7298 51
7299 52
7300 50
7301 52
7302 54
7303 50
7304 52
7305 53
7306 54
7307 54
7308 53
7309 53
7310 52
7311 54
7312 52
7313 53
7314 51
7315 52
7316 53
7317 52
7318 52
7319 51
7320 51
7321 51
7322 54
7323 50
7324 54
7325 50
7326 53
7327 51
7328 53
7329 53
7330 54
7331 50
7332 52
7333 50
7334 51
7335 51
7336 50
7337 54
7338 50
7339 50
7340 50
7341 52
7342 53
7343 50
7344 53
7345 50
7346 52
7347 53
7348 50
7349 50
7350 54
7351 50
7352 52
7353 52
7354 51
7355 51
7356 54
7357 54
7358 52
7359 51
7360 53
7361 52
7362 52
7363 52
7364 50
7365 54
7366 53
7367 51
7368 54
7369 54
7370 52
7371 52
7372 53
7373 52
7374 54
7375 50
7376 51
7377 51
7378 54
7379 50
7380 52
7381 53
7382 53
7383 54
7384 53
7385 51
7386 51
7387 51
7388 51
7389 50
7390 51
7391 53
7392 52
7393 52
7394 53
7395 50
7396 51
7397 54
7398 53
7399 51
7400 50
7401 54
7402 54
7403 53
7404 53
7405 54
7406 50
7407 51
7408 54
7409 51
7410 53
7411 50
7412 51
7413 54
7414 54
7415 53
7416 53
7417 53
7418 50
7419 50
7420 50
7421 53
7422 52
7423 52
7424 50
7425 51
7426 54
7427 51
7428 54
7429 54
7430 51
7431 54
7432 51
7433 54
7434 51
7435 51
7436 50
7437 51
7438 54
7439 53
7440 52
7441 54
7442 50
7443 52
7444 53
7445 52
7446 54
7447 50
7448 52
7449 54
7450 52
7451 52
7452 52
7453 53
7454 50
7455 54
7456 52
7457 53
7458 52
7459 51
7460 50
7461 51
7462 51
7463 50
7464 53
7465 52
7466 54
7467 54
7468 53
7469 51
7470 50
7471 54
7472 53
7473 50
7474 52
7475 50
7476 50
7477 53
7478 52
7479 53
7480 53
7481 50
7482 50
7483 54
7484 50
7485 53
7486 54
7487 51
7488 50
7489 50
7490 53
7491 50
7492 51
7493 51
7494 54
7495 50
7496 54
7497 52
7498 51
7499 54
7500 54
7501 53
7502 51
7503 50
7504 50
7505 52
7506 51
7507 54
7508 53
7509 51
7510 53
7511 52
7512 54
7513 53
7514 50
7515 50
7516 54
7517 54
7518 54
7519 53
7520 51
7521 51
7522 53
7523 53
7524 51
7525 50
7526 51
7527 51
7528 51
7529 51
7530 51
7531 53
7532 54
7533 50
7534 53
7535 51
7536 51
7537 51
7538 51
7539 53
7540 50
7541 54
7542 51
7543 53
7544 52
7545 50
7546 54
7547 53
7548 50
7549 50
7550 50
7551 50
7552 51
7553 54
7554 52
7555 50
7556 50
7557 52
7558 51
7559 52
7560 52
7561 50
7562 53
7563 54
7564 51
7565 51
7566 52
7567 50
7568 52
7569 50
7570 54
7571 54
7572 53
7573 53
7574 54
7575 51
7576 50
7577 52
7578 53
7579 53
7580 51
7581 51
7582 54
7583 53
7584 50
7585 54
7586 52
7587 51
7588 51
7589 54
7590 50
7591 52
7592 53
7593 50
7594 50
7595 50
7596 53
7597 51
7598 50
7599 53
7600 50
7601 51
7602 50
7603 50
7604 52
7605 52
7606 51
7607 53
7608 54
7609 52
7610 51
7611 54
7612 52
7613 51
7614 51
7615 54
7616 54
7617 53
7618 54
7619 53
7620 52
7621 53
7622 54
7623 52
7624 53
7625 52
7626 51
7627 50
7628 52
7629 50
7630 54
7631 53
7632 51
7633 52
7634 52
7635 52
7636 52
7637 50
7638 50
7639 53
7640 54
7641 51
7642 54
7643 54
7644 53
7645 53
7646 52
7647 51
7648 52
7649 51
7650 51
7651 51
7652 50
7653 51
7654 54
7655 53
7656 52
7657 51
7658 53
7659 51
7660 52
7661 51
7662 50
7663 50
7664 52
7665 50
7666 54
7667 53
7668 53
7669 51
7670 52
7671 51
7672 50
7673 52
7674 53
7675 50
7676 51
7677 52
7678 53
7679 52
7680 52
7681 54
7682 53
7683 51
7684 53
7685 50
7686 54
7687 52
7688 51
7689 50
7690 52
7691 54
7692 50
7693 52
7694 51
7695 50
7696 50
7697 52
7698 50
7699 51
7700 53
7701 52
7702 53
7703 50
7704 51
7705 54
7706 51
7707 52
7708 54
7709 53
7710 50
7711 50
7712 54
7713 52
7714 51
7715 51
7716 50
7717 50
7718 52
7719 54
7720 52
7721 51
7722 51
7723 54
7724 54
7725 53
7726 52
7727 54
7728 52
7729 52
7730 50
7731 50
7732 52
7733 52
7734 51
7735 50
7736 54
7737 50
7738 53
7739 53
7740 50
7741 50
7742 54
7743 52
7744 53
7745 51
7746 52
7747 51
7748 52
7749 54
7750 51
7751 50
7752 53
7753 51
7754 51
7755 52
7756 51
7757 50
7758 50
7759 53
7760 50
7761 50
7762 54
7763 51
7764 51
7765 52
7766 52
7767 50
7768 50
7769 54
7770 50
7771 54
7772 54
7773 50
7774 50
7775 51
7776 50
7777 53
7778 52
7779 52
7780 51
7781 50
7782 51
7783 54
7784 52
7785 52
7786 52
7787 50
7788 50
7789 50
7790 50
7791 51
7792 53
7793 51
7794 52
7795 51
7796 53
7797 50
7798 50
7799 52
7800 50
7801 51
7802 50
7803 53
7804 53
7805 50
7806 53
7807 53
7808 51
7809 53
7810 50
7811 52
7812 54
7813 51
7814 52
7815 50
7816 50
7817 52
7818 51
7819 54
7820 51
7821 51
7822 53
7823 53
7824 50
7825 50
7826 54
7827 50
7828 50
7829 52
7830 53
7831 54
7832 51
7833 51
7834 54
7835 53
7836 50
7837 54
7838 51
7839 53
7840 52
7841 51
7842 52
7843 52
7844 51
7845 53
7846 52
7847 51
7848 51
7849 50
7850 51
7851 54
7852 52
7853 50
7854 53
7855 54
7856 50
7857 51
7858 50
7859 54
7860 54
7861 51
7862 51
7863 53
7864 53
7865 54
7866 53
7867 51
7868 53
7869 52
7870 52
7871 52
7872 54
7873 53
7874 50
