x
1 60
2 60
3 60
4 60
5 60
6 60
7 60
8 60
9 60
10 60
11 60
12 60
13 60
14 60
15 60
16 60
17 60
18 60
19 60
20 60
21 60
22 60
23 60
24 60
25 60
26 60
27 60
28 60
29 60
30 60
31 60
32 60
33 60
34 60
35 60
36 60
37 60
38 60
39 60
40 60
41 60
42 60
43 60
44 60
45 60
46 60
47 60
48 60
49 60
50 60
51 60
52 60
53 60
54 60
55 60
56 60
57 60
58 60
59 60
60 60
61 60
62 60
63 60
64 60
65 60
66 60
67 60
68 60
69 60
70 60
71 60
72 60
73 60
74 60
75 60
76 60
77 60
78 60
79 60
80 60
81 60
82 93
83 90
84 96
85 94
86 94
87 90
88 90
89 90
90 93
91 92
92 90
93 92
94 92
95 96
96 93
97 91
98 90
99 97
100 92
101 90
102 92
103 91
104 92
105 80
106 84
107 82
108 80
109 86
110 83
111 82
112 80
113 81
114 81
115 84
116 85
117 84
118 82
119 83
120 85
121 82
122 89
123 82
124 86
125 81
126 81
127 81
128 88
129 85
130 87
131 80
132 84
133 81
134 85
135 81
136 88
137 82
138 84
139 84
140 86
141 83
142 85
143 89
144 81
145 81
146 86
147 80
148 84
149 87
150 83
151 83
152 82
153 83
154 85
155 82
156 83
157 82
158 84
159 88
160 84
161 82
162 80
163 83
164 83
165 83
166 82
167 84
168 83
169 80
170 82
171 83
172 85
173 80
174 81
175 81
176 83
177 85
178 83
179 84
180 81
181 81
182 84
183 82
184 83
185 88
186 80
187 88
188 80
189 80
190 80
191 87
192 83
193 87
194 81
195 80
196 83
197 81
198 80
199 88
200 81
201 82
202 85
203 83
204 82
205 84
206 87
207 83
208 81
209 86
210 83
211 80
212 81
213 82
214 82
215 85
216 83
217 84
218 83
219 89
220 85
221 82
222 81
223 83
224 83
225 88
226 85
227 81
228 83
229 88
230 83
231 82
232 80
233 87
234 82
235 81
236 87
237 82
238 86
239 83
240 81
241 83
242 84
243 87
244 83
245 81
246 88
247 80
248 80
249 87
250 89
251 80
252 83
253 81
254 84
255 80
256 80
257 84
258 81
259 88
260 88
261 84
262 81
263 80
264 84
265 85
266 82
267 88
268 86
269 85
270 86
271 80
272 85
273 85
274 80
275 85
276 85
277 82
278 84
279 80
280 87
281 80
282 84
283 82
284 88
285 82
286 83
287 85
288 86
289 81
290 84
291 84
292 80
293 82
294 82
295 83
296 86
297 84
298 81
299 80
300 84
301 88
302 85
303 82
304 82
305 82
306 82
307 60
308 60
309 60
310 60
311 60
312 60
313 60
314 60
315 60
316 60
317 60
318 60
319 60
320 60
321 60
322 60
323 60
324 60
325 60
326 60
327 60
328 60
329 60
330 60
331 60
332 60
333 60
334 60
335 60
336 60
337 60
338 60
339 60
340 60
341 60
342 60
343 60
344 60
345 60
346 60
347 60
348 60
349 60
350 60
351 60
352 60
353 60
354 60
355 60
356 60
357 60
358 60
359 60
360 60
361 60
362 60
363 60
364 60
365 60
366 60
367 60
368 60
369 60
370 60
371 60
372 60
373 60
374 60
375 60
376 60
377 60
378 60
379 60
380 60
381 60
382 60
383 60
384 60
385 60
386 60
387 60
388 60
389 60
390 60
391 60
392 60
393 60
394 60
395 60
396 60
397 60
398 60
399 60
400 60
401 60
402 60
403 60
404 60
405 60
406 60
407 60
408 60
409 60
410 60
411 60
412 60
413 60
414 60
415 60
416 60
417 60
418 60
419 60
420 60
421 60
422 60
423 60
424 60
425 60
426 60
427 60
428 60
429 60
430 60
431 60
432 60
433 60
434 60
435 60
436 60
437 60
438 60
439 60
440 60
441 60
442 60
443 60
444 60
445 60
446 60
447 60
448 60
449 60
450 60
451 60
452 60
453 60
454 60
455 60
456 60
457 60
458 60
459 60
460 60
461 60
462 60
463 60
464 60
465 60
466 60
467 60
468 60
469 60
470 60
471 60
472 60
473 60
474 60
475 60
476 60
477 60
478 60
479 60
480 60
481 60
482 60
483 60
484 60
485 60
486 60
487 60
488 60
489 60
490 60
491 60
492 60
493 60
494 60
495 60
496 60
497 60
498 60
499 60
500 60
501 60
502 60
503 60
504 60
505 60
506 60
507 60
508 60
509 60
510 60
511 60
512 60
513 60
514 60
515 60
516 60
517 60
518 60
519 60
520 60
521 60
522 60
523 60
524 60
525 60
526 60
527 60
528 60
529 60
530 60
531 60
532 60
533 60
534 60
535 60
536 60
537 60
538 60
539 60
540 60
541 60
542 60
543 60
544 60
545 60
546 60
547 60
548 60
549 60
550 60
551 60
552 60
553 60
554 60
555 60
556 60
557 60
558 60
559 60
560 60
561 60
562 60
563 60
564 60
565 60
566 60
567 60
568 60
569 60
570 60
571 60
572 60
573 60
574 60
575 60
576 60
577 60
578 60
579 60
580 60
581 60
582 60
583 60
584 60
585 60
586 60
587 60
588 60
589 60
590 60
591 60
592 60
593 60
594 60
595 60
596 60
597 60
598 60
599 60
600 60
601 60
602 60
603 60
604 60
605 60
606 60
607 60
608 60
609 60
610 60
611 60
612 60
613 60
614 60
615 60
616 60
617 60
618 60
619 60
620 60
621 60
622 60
623 60
624 60
625 60
626 60
627 60
628 60
629 60
630 60
631 60
632 60
633 60
634 60
635 60
636 60
637 60
638 60
639 60
640 60
641 60
642 60
643 60
644 60
645 60
646 60
647 60
648 60
649 60
650 60
651 60
652 60
653 60
654 60
655 60
656 60
657 60
658 60
659 60
660 60
661 60
662 60
663 60
664 60
665 60
666 60
667 60
668 60
669 60
670 60
671 60
672 60
673 60
674 60
675 60
676 60
677 60
678 60
679 60
680 60
681 60
682 60
683 60
684 60
685 60
686 60
687 60
688 60
689 60
690 60
691 60
692 60
693 60
694 60
695 60
696 60
697 60
698 60
699 60
700 60
701 60
702 60
703 60
704 60
705 60
706 60
707 60
708 60
709 60
710 60
711 60
712 60
713 60
714 60
715 60
716 60
717 60
718 60
719 60
720 60
721 60
722 60
723 60
724 60
725 60
726 60
727 60
728 60
729 60
730 60
731 60
732 60
733 60
734 60
735 60
736 60
737 60
738 60
739 60
740 60
741 60
742 60
743 60
744 60
745 60
746 60
747 60
748 60
749 60
750 60
751 60
752 60
753 60
754 60
755 60
756 60
757 60
758 60
759 60
760 60
761 60
762 60
763 60
764 60
765 60
766 75
767 76
768 77
769 77
770 76
771 78
772 75
773 77
774 77
775 76
776 77
777 76
778 76
779 75
780 77
781 76
782 76
783 77
784 75
785 76
786 75
787 78
788 79
789 78
790 78
791 76
792 78
793 76
794 77
795 78
796 79
797 77
798 77
799 77
800 79
801 78
802 78
803 75
804 76
805 75
806 77
807 76
808 75
809 78
810 75
811 79
812 76
813 75
814 75
815 78
816 75
817 79
818 75
819 78
820 76
821 78
822 77
823 76
824 75
825 75
826 75
827 76
828 75
829 79
830 75
831 76
832 76
833 77
834 77
835 79
836 75
837 78
838 75
839 75
840 76
841 75
842 79
843 79
844 78
845 79
846 76
847 79
848 75
849 78
850 78
851 75
852 76
853 79
854 75
855 78
856 76
857 79
858 77
859 79
860 77
861 76
862 79
863 79
864 78
865 78
866 78
867 77
868 77
869 77
870 77
871 77
872 77
873 75
874 75
875 78
876 79
877 76
878 75
879 79
880 76
881 78
882 78
883 79
884 75
885 76
886 77
887 76
888 77
889 78
890 75
891 75
892 75
893 76
894 78
895 75
896 76
897 75
898 76
899 79
900 76
901 79
902 77
903 76
904 78
905 79
906 78
907 75
908 78
909 76
910 77
911 79
912 79
913 77
914 76
915 76
916 76
917 75
918 75
919 78
920 77
921 75
922 75
923 75
924 77
925 75
926 75
927 77
928 79
929 76
930 79
931 76
932 75
933 75
934 77
935 77
936 76
937 75
938 76
939 76
940 79
941 79
942 78
943 79
944 75
945 79
946 78
947 78
948 77
949 76
950 79
951 79
952 79
953 76
954 75
955 76
956 77
957 75
958 76
959 79
960 76
961 75
962 78
963 76
964 79
965 78
966 76
967 77
968 75
969 78
970 78
971 76
972 76
973 79
974 79
975 77
976 77
977 79
978 77
979 76
980 78
981 78
982 76
983 77
984 79
985 76
986 79
987 78
988 78
989 79
990 76
991 76
992 76
993 79
994 78
995 76
996 75
997 79
998 79
999 78
1000 77
1001 75
1002 76
1003 76
1004 79
1005 78
1006 76
1007 79
1008 76
1009 77
1010 77
1011 79
1012 75
1013 75
1014 77
1015 77
1016 78
1017 75
1018 79
1019 77
1020 76
1021 76
1022 78
1023 75
1024 78
1025 75
1026 78
1027 78
1028 76
1029 75
1030 75
1031 77
1032 78
1033 79
1034 78
1035 60
1036 60
1037 60
1038 60
1039 60
1040 60
1041 60
1042 60
1043 60
1044 60
1045 60
1046 60
1047 60
1048 60
1049 60
1050 60
1051 60
1052 60
1053 60
1054 60
1055 60
1056 60
1057 60
1058 60
1059 60
1060 60
1061 60
1062 60
1063 60
1064 60
1065 60
1066 60
1067 60
1068 60
1069 60
1070 60
1071 60
1072 60
1073 60
1074 60
1075 60
1076 60
1077 60
1078 60
1079 60
1080 60
1081 60
1082 60
1083 60
1084 60
1085 60
1086 60
1087 60
1088 60
1089 60
1090 60
1091 60
1092 60
1093 60
1094 60
1095 60
1096 60
1097 60
1098 60
1099 60
1100 60
1101 60
1102 60
1103 60
1104 60
1105 60
1106 60
1107 60
1108 60
1109 60
1110 60
1111 60
1112 60
1113 60
1114 60
1115 60
1116 60
1117 60
1118 60
1119 60
1120 60
1121 60
1122 60
1123 60
1124 60
1125 60
1126 60
1127 60
1128 60
1129 60
1130 60
1131 60
1132 60
1133 60
1134 60
1135 60
1136 60
1137 60
1138 60
1139 60
1140 60
1141 60
1142 60
1143 60
1144 60
1145 60
1146 60
1147 60
1148 60
1149 60
1150 60
1151 60
1152 60
1153 60
1154 60
1155 60
1156 60
1157 60
1158 60
1159 60
1160 60
1161 60
1162 60
1163 60
1164 60
1165 60
1166 60
1167 60
1168 60
1169 60
1170 60
1171 60
1172 60
1173 60
1174 60
1175 60
1176 60
1177 60
1178 60
1179 60
1180 60
1181 60
1182 60
1183 60
1184 60
1185 60
1186 60
1187 60
1188 60
1189 60
1190 60
1191 60
1192 60
1193 60
1194 60
1195 60
1196 60
1197 60
1198 60
1199 60
1200 60
1201 60
1202 60
1203 60
1204 60
1205 60
1206 60
1207 60
1208 60
1209 60
1210 60
1211 60
1212 60
1213 60
1214 60
1215 60
1216 60
1217 60
1218 60
1219 60
1220 60
1221 60
1222 60
1223 60
1224 60
1225 60
1226 60
1227 60
1228 60
1229 60
1230 60
1231 60
1232 60
1233 60
1234 60
1235 60
1236 60
1237 60
1238 60
1239 60
1240 60
1241 60
1242 60
1243 60
1244 60
1245 60
1246 60
1247 60
1248 60
1249 60
1250 60
1251 60
1252 60
1253 60
1254 60
1255 60
1256 60
1257 60
1258 60
1259 60
1260 60
1261 60
1262 60
1263 60
1264 60
1265 60
1266 60
1267 60
1268 60
1269 60
1270 60
1271 60
1272 60
1273 60
1274 60
1275 60
1276 60
1277 60
1278 60
1279 60
1280 60
1281 60
1282 60
1283 60
1284 60
1285 60
1286 60
1287 60
1288 60
1289 60
1290 60
1291 60
1292 60
1293 60
1294 60
1295 60
1296 60
1297 60
1298 60
1299 60
1300 60
1301 60
1302 60
1303 60
1304 60
1305 60
1306 60
1307 60
1308 60
1309 60
1310 60
1311 60
1312 60
1313 60
1314 60
1315 60
1316 60
1317 60
1318 60
1319 60
1320 60
1321 60
1322 60
1323 60
1324 60
1325 60
1326 60
1327 60
1328 60
1329 60
1330 60
1331 60
1332 60
1333 60
1334 60
1335 60
1336 60
1337 60
1338 60
1339 60
1340 60
1341 60
1342 60
1343 60
1344 60
1345 60
1346 60
1347 60
1348 60
1349 60
1350 60
1351 60
1352 60
1353 60
1354 60
1355 60
1356 60
1357 60
1358 60
1359 60
1360 60
1361 60
1362 60
1363 60
1364 60
1365 60
1366 60
1367 60
1368 60
1369 60
1370 60
1371 60
1372 60
1373 60
1374 60
1375 60
1376 60
1377 60
1378 60
1379 60
1380 60
1381 60
1382 60
1383 60
1384 60
1385 60
1386 60
1387 60
1388 60
1389 60
1390 60
1391 60
1392 60
1393 60
1394 60
1395 60
1396 60
1397 60
1398 60
1399 60
1400 60
1401 60
1402 60
1403 60
1404 60
1405 60
1406 60
1407 60
1408 60
1409 60
1410 60
1411 60
1412 60
1413 60
1414 60
1415 60
1416 60
1417 60
1418 60
1419 60
1420 60
1421 60
1422 60
1423 60
1424 60
1425 60
1426 60
1427 60
1428 60
1429 60
1430 60
1431 60
1432 60
1433 60
1434 60
1435 60
1436 60
1437 60
1438 60
1439 60
1440 60
1441 60
1442 60
1443 60
1444 60
1445 60
1446 60
1447 60
1448 60
1449 60
1450 60
1451 60
1452 60
1453 60
1454 60
1455 60
1456 60
1457 60
1458 60
1459 60
1460 60
1461 60
1462 60
1463 60
1464 60
1465 60
1466 60
1467 60
1468 60
1469 60
1470 60
1471 60
1472 60
1473 60
1474 60
1475 60
1476 60
1477 60
1478 60
1479 60
1480 60
1481 60
1482 60
1483 60
1484 60
1485 60
1486 60
1487 60
1488 60
1489 60
1490 60
1491 60
1492 60
1493 60
1494 60
1495 60
1496 60
1497 60
1498 60
1499 60
1500 60
1501 60
1502 60
1503 60
1504 60
1505 60
1506 60
1507 60
1508 60
1509 60
1510 60
1511 60
1512 60
1513 60
1514 60
1515 60
1516 60
1517 60
1518 60
1519 60
1520 60
1521 60
1522 60
1523 60
1524 60
1525 60
1526 60
1527 60
1528 60
1529 60
1530 60
1531 60
1532 60
1533 60
1534 60
1535 60
1536 60
1537 60
1538 60
1539 60
1540 60
1541 60
1542 60
1543 60
1544 60
1545 60
1546 60
1547 60
1548 60
1549 60
1550 60
1551 60
1552 60
1553 60
1554 60
1555 60
1556 60
1557 60
1558 60
1559 60
1560 60
1561 60
1562 60
1563 60
1564 60
1565 60
1566 60
1567 60
1568 60
1569 60
1570 60
1571 60
1572 60
1573 60
1574 60
1575 60
1576 60
1577 60
1578 60
1579 60
1580 60
1581 60
1582 60
1583 60
1584 60
1585 60
1586 60
1587 60
1588 60
1589 60
1590 60
1591 60
1592 60
1593 60
1594 60
1595 60
1596 60
1597 60
1598 60
1599 60
1600 60
1601 60
1602 60
1603 60
1604 60
1605 60
1606 60
1607 60
1608 60
1609 60
1610 60
1611 60
1612 60
1613 60
1614 60
1615 60
1616 60
1617 60
1618 60
1619 60
1620 60
1621 60
1622 60
1623 60
1624 60
1625 60
1626 60
1627 60
1628 60
1629 60
1630 60
1631 60
1632 60
1633 60
1634 60
1635 60
1636 60
1637 60
1638 60
1639 60
1640 60
1641 60
1642 60
1643 60
1644 60
1645 60
1646 60
1647 60
1648 60
1649 60
1650 60
1651 60
1652 60
1653 60
1654 60
1655 60
1656 60
1657 60
1658 60
1659 60
1660 60
1661 60
1662 60
1663 60
1664 60
1665 60
1666 60
1667 60
1668 60
1669 60
1670 60
1671 60
1672 60
1673 60
1674 60
1675 60
1676 60
1677 60
1678 60
1679 60
1680 60
1681 60
1682 60
1683 60
1684 60
1685 60
1686 60
1687 60
1688 60
1689 60
1690 60
1691 60
1692 60
1693 60
1694 60
1695 60
1696 60
1697 60
1698 60
1699 60
1700 60
1701 60
1702 60
1703 60
1704 60
1705 60
1706 60
1707 60
1708 60
1709 60
1710 60
1711 60
1712 60
1713 60
1714 60
1715 60
1716 60
1717 60
1718 60
1719 60
1720 60
1721 60
1722 60
1723 60
1724 60
1725 60
1726 60
1727 60
1728 60
1729 60
1730 60
1731 60
1732 60
1733 60
1734 60
1735 60
1736 60
1737 60
1738 60
1739 60
1740 60
1741 60
1742 60
1743 60
1744 60
1745 60
1746 60
1747 60
1748 60
1749 60
1750 60
1751 60
1752 60
1753 60
1754 60
1755 60
1756 60
1757 60
1758 60
1759 60
1760 60
1761 60
1762 60
1763 60
1764 60
1765 60
1766 60
1767 60
1768 60
1769 60
1770 60
1771 60
1772 60
1773 60
1774 60
1775 60
1776 60
1777 60
1778 60
1779 60
1780 60
1781 60
1782 60
1783 60
1784 60
1785 60
1786 60
1787 60
1788 60
1789 60
1790 60
1791 60
1792 60
1793 60
1794 60
1795 60
1796 60
1797 60
1798 60
1799 60
1800 60
1801 60
1802 60
1803 60
1804 60
1805 60
1806 60
1807 60
1808 60
1809 60
1810 60
1811 60
1812 60
1813 60
1814 60
1815 60
1816 60
1817 60
1818 60
1819 60
1820 60
1821 60
1822 60
1823 60
1824 60
1825 60
1826 60
1827 60
1828 60
1829 60
1830 60
1831 60
1832 60
1833 60
1834 60
1835 60
1836 60
1837 60
1838 60
1839 60
1840 60
1841 60
1842 60
1843 60
1844 60
1845 60
1846 60
1847 60
1848 60
1849 60
1850 60
1851 60
1852 60
1853 60
1854 60
1855 60
1856 60
1857 60
1858 60
1859 60
1860 60
1861 60
1862 60
1863 60
1864 60
1865 60
1866 60
1867 60
1868 60
1869 60
1870 60
1871 60
1872 60
1873 60
1874 60
1875 60
1876 60
1877 60
1878 60
1879 60
1880 60
1881 60
1882 60
1883 60
1884 60
1885 60
1886 60
1887 60
1888 60
1889 60
1890 60
1891 60
1892 60
1893 60
1894 60
1895 60
1896 60
1897 60
1898 60
1899 60
1900 60
1901 60
1902 60
1903 60
1904 60
1905 60
1906 60
1907 60
1908 60
1909 60
1910 60
1911 60
1912 60
1913 60
1914 60
1915 60
1916 60
1917 60
1918 60
1919 60
1920 60
1921 60
1922 60
1923 60
1924 60
1925 60
1926 60
1927 60
1928 60
1929 60
1930 60
1931 60
1932 60
1933 60
1934 60
1935 60
1936 60
1937 60
1938 60
1939 60
1940 60
1941 60
1942 60
1943 60
1944 60
1945 60
1946 60
1947 60
1948 60
1949 60
1950 60
1951 60
1952 60
1953 60
1954 60
1955 60
1956 60
1957 60
1958 60
1959 60
1960 60
1961 60
1962 60
1963 60
1964 60
1965 60
1966 60
1967 60
1968 60
1969 60
1970 60
1971 60
1972 60
1973 60
1974 60
1975 60
1976 60
1977 60
1978 60
1979 60
1980 60
1981 60
1982 60
1983 60
1984 73
1985 71
1986 70
1987 71
1988 74
1989 74
1990 73
1991 72
1992 70
1993 70
1994 70
1995 72
1996 73
1997 72
1998 72
1999 72
2000 71
2001 72
2002 70
2003 72
2004 71
2005 74
2006 72
2007 70
2008 73
2009 74
2010 70
2011 72
2012 71
2013 71
2014 72
2015 72
2016 70
2017 74
2018 70
2019 70
2020 70
2021 74
2022 72
2023 70
2024 70
2025 72
2026 70
2027 73
2028 72
2029 70
2030 73
2031 74
2032 70
2033 72
2034 74
2035 73
2036 74
2037 74
2038 73
2039 73
2040 73
2041 71
2042 74
2043 70
2044 74
2045 74
2046 71
2047 73
2048 73
2049 71
2050 73
2051 73
2052 70
2053 72
2054 73
2055 72
2056 73
2057 73
2058 73
2059 71
2060 71
2061 74
2062 70
2063 73
2064 70
2065 71
2066 70
2067 74
2068 72
2069 72
2070 71
2071 71
2072 72
2073 74
2074 73
2075 70
2076 73
2077 71
2078 71
2079 70
2080 70
2081 71
2082 70
2083 71
2084 73
2085 73
2086 71
2087 74
2088 73
2089 73
2090 71
2091 72
2092 72
2093 72
2094 72
2095 73
2096 74
2097 72
2098 70
2099 74
2100 73
2101 73
2102 72
2103 72
2104 71
2105 70
2106 72
2107 73
2108 74
2109 70
2110 71
2111 72
2112 70
2113 71
2114 72
2115 74
2116 71
2117 73
2118 70
2119 73
2120 70
2121 72
2122 71
2123 72
2124 72
2125 72
2126 74
2127 73
2128 72
2129 72
2130 73
2131 70
2132 70
2133 73
2134 70
2135 74
2136 70
2137 72
2138 74
2139 73
2140 70
2141 71
2142 73
2143 71
2144 74
2145 73
2146 71
2147 70
2148 72
2149 70
2150 74
2151 74
2152 71
2153 73
2154 71
2155 73
2156 73
2157 72
2158 70
2159 73
2160 70
2161 70
2162 74
2163 71
2164 71
2165 71
2166 74
2167 70
2168 70
2169 72
2170 71
2171 71
2172 71
2173 73
2174 70
2175 70
2176 70
2177 74
2178 73
2179 72
2180 72
2181 71
2182 72
2183 74
2184 74
2185 72
2186 74
2187 71
2188 70
2189 73
2190 70
2191 73
2192 72
2193 70
2194 73
2195 71
2196 71
2197 74
2198 72
2199 70
2200 73
2201 70
2202 74
2203 72
2204 72
2205 74
2206 74
2207 72
2208 70
2209 71
2210 72
2211 72
2212 74
2213 71
2214 73
2215 74
2216 71
2217 70
2218 72
2219 72
2220 73
2221 70
2222 70
2223 73
2224 72
2225 73
2226 70
2227 73
2228 70
2229 72
2230 70
2231 74
2232 73
2233 70
2234 74
2235 71
2236 73
2237 72
2238 72
2239 70
2240 74
2241 72
2242 73
2243 72
2244 72
2245 74
2246 70
2247 74
2248 73
2249 72
2250 72
2251 72
2252 73
2253 72
2254 73
2255 71
2256 73
2257 74
2258 74
2259 70
2260 71
2261 71
2262 70
2263 73
2264 70
2265 74
2266 73
2267 74
2268 70
2269 73
2270 70
2271 73
2272 72
2273 72
2274 74
2275 71
2276 71
2277 70
2278 74
2279 72
2280 70
2281 70
2282 70
2283 71
2284 72
2285 73
2286 73
2287 72
2288 71
2289 73
2290 73
2291 72
2292 74
2293 70
2294 74
2295 71
2296 71
2297 72
2298 71
2299 71
2300 73
2301 73
2302 70
2303 72
2304 72
2305 72
2306 74
2307 70
2308 71
2309 73
2310 71
2311 73
2312 70
2313 73
2314 72
2315 72
2316 72
2317 74
2318 74
2319 73
2320 72
2321 74
2322 72
2323 73
2324 72
2325 74
2326 72
2327 71
2328 71
2329 70
2330 71
2331 72
2332 74
2333 72
2334 72
2335 71
2336 73
2337 74
2338 72
2339 73
2340 73
2341 73
2342 73
2343 73
2344 70
2345 71
2346 72
2347 70
2348 72
2349 71
2350 72
2351 71
2352 72
2353 71
2354 74
2355 74
2356 73
2357 70
2358 74
2359 70
2360 74
2361 71
2362 72
2363 73
2364 72
2365 74
2366 74
2367 71
2368 71
2369 73
2370 71
2371 71
2372 70
2373 72
2374 72
2375 73
2376 73
2377 70
2378 74
2379 71
2380 70
2381 71
2382 72
2383 70
2384 73
2385 73
2386 72
2387 72
2388 70
2389 66
2390 66
2391 66
2392 68
2393 69
2394 67
2395 65
2396 65
2397 67
2398 69
2399 65
2400 66
2401 65
2402 68
2403 69
2404 65
2405 69
2406 69
2407 65
2408 66
2409 66
2410 69
2411 66
2412 66
2413 66
2414 66
2415 65
2416 68
2417 68
2418 66
2419 69
2420 67
2421 69
2422 69
2423 65
2424 67
2425 68
2426 65
2427 65
2428 66
2429 67
2430 66
2431 65
2432 65
2433 68
2434 66
2435 67
2436 65
2437 68
2438 66
2439 69
2440 68
2441 68
2442 69
2443 66
2444 69
2445 67
2446 69
2447 65
2448 65
2449 67
2450 67
2451 66
2452 69
2453 67
2454 69
2455 67
2456 66
2457 68
2458 69
2459 69
2460 65
2461 66
2462 66
2463 68
2464 69
2465 69
2466 65
2467 69
2468 66
2469 68
2470 68
2471 69
2472 69
2473 68
2474 69
2475 68
2476 65
2477 69
2478 66
2479 69
2480 67
2481 68
2482 66
2483 66
2484 67
2485 68
2486 65
2487 69
2488 67
2489 68
2490 65
2491 69
2492 65
2493 67
2494 69
2495 65
2496 67
2497 66
2498 67
2499 65
2500 65
2501 69
2502 67
2503 68
2504 69
2505 66
2506 68
2507 66
2508 65
2509 68
2510 66
2511 65
2512 66
2513 65
2514 69
2515 66
2516 69
2517 67
2518 68
2519 67
2520 67
2521 66
2522 67
2523 65
2524 67
2525 65
2526 68
2527 68
2528 65
2529 66
2530 67
2531 66
2532 65
2533 68
2534 67
2535 67
2536 69
2537 69
2538 69
2539 65
2540 69
2541 68
2542 68
2543 66
2544 67
2545 68
2546 66
2547 66
2548 65
2549 66
2550 66
2551 69
2552 65
2553 68
2554 69
2555 69
2556 67
2557 66
2558 66
2559 65
2560 69
2561 69
2562 68
2563 69
2564 65
2565 66
2566 68
2567 65
2568 69
2569 69
2570 65
2571 68
2572 69
2573 65
2574 66
2575 65
2576 65
2577 68
2578 69
2579 69
2580 66
2581 65
2582 65
2583 66
2584 66
2585 69
2586 65
2587 65
2588 66
2589 68
2590 68
2591 66
2592 65
2593 66
2594 68
2595 66
2596 67
2597 66
2598 69
2599 69
2600 67
2601 67
2602 68
2603 67
2604 66
2605 67
2606 67
2607 65
2608 68
2609 69
2610 67
2611 67
2612 65
2613 67
2614 65
2615 69
2616 67
2617 69
2618 68
2619 69
2620 65
2621 68
2622 65
2623 66
2624 66
2625 68
2626 65
2627 66
2628 68
2629 67
2630 69
2631 67
2632 69
2633 67
2634 69
2635 69
2636 69
2637 68
2638 65
2639 65
2640 69
2641 65
2642 69
2643 66
2644 69
2645 65
2646 68
2647 65
2648 68
2649 65
2650 68
2651 66
2652 67
2653 65
2654 66
2655 67
2656 66
2657 67
2658 67
2659 67
2660 69
2661 68
2662 68
2663 69
2664 66
2665 67
2666 68
2667 67
2668 65
2669 66
2670 68
2671 69
2672 67
2673 67
2674 66
2675 66
2676 68
2677 66
2678 68
2679 66
2680 69
2681 67
2682 67
2683 68
2684 69
2685 66
2686 65
2687 65
2688 67
2689 67
2690 67
2691 67
2692 69
2693 69
2694 66
2695 67
2696 66
2697 66
2698 67
2699 65
2700 67
2701 67
2702 69
2703 69
2704 67
2705 67
2706 68
2707 66
2708 68
2709 69
2710 66
2711 67
2712 69
2713 65
2714 66
2715 69
2716 66
2717 68
2718 65
2719 68
2720 68
2721 65
2722 65
2723 66
2724 66
2725 66
2726 69
2727 65
2728 68
2729 66
2730 68
2731 67
2732 65
2733 69
2734 65
2735 66
2736 69
2737 69
2738 69
2739 68
2740 66
2741 66
2742 69
2743 68
2744 65
2745 65
2746 65
2747 67
2748 69
2749 65
2750 66
2751 69
2752 69
2753 69
2754 66
2755 67
2756 67
2757 65
2758 66
2759 67
2760 69
2761 66
2762 66
2763 65
2764 68
2765 66
2766 68
2767 66
2768 67
2769 66
2770 67
2771 65
2772 65
2773 68
2774 68
2775 65
2776 65
2777 66
2778 66
2779 65
2780 65
2781 66
2782 66
2783 69
2784 68
2785 67
2786 65
2787 67
2788 65
2789 68
2790 66
2791 66
2792 67
2793 65
2794 65
2795 69
2796 66
2797 66
2798 66
2799 65
2800 67
2801 67
2802 67
2803 65
2804 65
2805 67
2806 67
2807 66
2808 66
2809 67
2810 66
2811 69
2812 65
2813 69
2814 66
2815 67
2816 65
2817 66
2818 69
2819 66
2820 68
2821 69
2822 69
2823 65
2824 69
2825 68
2826 67
2827 65
2828 66
2829 69
2830 68
2831 68
2832 68
2833 67
2834 67
2835 68
2836 66
2837 69
2838 68
2839 66
2840 66
2841 68
2842 68
2843 65
2844 65
2845 67
2846 68
2847 67
2848 67
2849 68
2850 67
2851 65
2852 65
2853 66
2854 69
2855 67
2856 65
2857 65
2858 67
2859 67
2860 66
2861 65
2862 69
2863 67
2864 67
2865 65
2866 69
2867 68
2868 65
2869 65
2870 66
2871 65
2872 68
2873 65
2874 68
2875 66
2876 69
2877 69
2878 65
2879 65
2880 66
2881 65
2882 65
2883 68
2884 67
2885 68
2886 66
2887 67
2888 66
2889 66
2890 68
2891 65
2892 65
2893 69
2894 65
2895 67
2896 68
2897 66
2898 67
2899 67
2900 67
2901 68
2902 67
2903 69
2904 66
2905 65
2906 67
2907 68
2908 69
2909 68
2910 69
2911 65
2912 69
2913 60
2914 60
2915 60
2916 60
2917 60
2918 60
2919 60
2920 60
2921 60
2922 60
2923 60
2924 60
2925 60
2926 60
2927 60
2928 60
2929 60
2930 60
2931 60
2932 60
2933 60
2934 60
2935 60
2936 60
2937 60
2938 60
2939 60
2940 60
2941 60
2942 60
2943 60
2944 60
2945 60
2946 60
2947 60
2948 60
2949 60
2950 60
2951 60
2952 60
2953 60
2954 60
2955 60
2956 60
2957 60
2958 60
2959 60
2960 60
2961 60
2962 60
2963 60
2964 60
2965 60
2966 60
2967 60
2968 60
2969 60
2970 60
2971 60
2972 60
2973 60
2974 60
2975 60
2976 60
2977 60
2978 60
2979 60
2980 60
2981 60
2982 60
2983 60
2984 60
2985 60
2986 60
2987 60
2988 60
2989 60
2990 60
2991 60
2992 60
2993 60
2994 60
2995 60
2996 60
2997 60
2998 60
2999 60
3000 60
3001 60
3002 60
3003 60
3004 60
3005 60
3006 60
3007 60
3008 60
3009 60
3010 60
3011 60
3012 60
3013 60
3014 60
3015 60
3016 60
3017 60
3018 60
3019 60
3020 60
3021 60
3022 60
3023 60
3024 60
3025 60
3026 60
3027 60
3028 60
3029 60
3030 60
3031 60
3032 60
3033 60
3034 60
3035 60
3036 60
3037 60
3038 60
3039 60
3040 60
3041 60
3042 60
3043 60
3044 60
3045 60
3046 60
3047 60
3048 60
3049 60
3050 60
3051 60
3052 60
3053 60
3054 60
3055 60
3056 60
3057 60
3058 60
3059 60
3060 60
3061 60
3062 60
3063 60
3064 60
3065 60
3066 60
3067 60
3068 60
3069 60
3070 60
3071 60
3072 60
3073 60
3074 60
3075 60
3076 60
3077 60
3078 60
3079 60
3080 60
3081 60
3082 60
3083 60
3084 60
3085 60
3086 60
3087 60
3088 60
3089 60
3090 60
3091 60
3092 60
3093 60
3094 60
3095 60
3096 60
3097 60
3098 60
3099 60
3100 60
3101 60
3102 60
3103 60
3104 60
3105 60
3106 60
3107 60
3108 60
3109 60
3110 60
3111 60
3112 60
3113 60
3114 60
3115 60
3116 60
3117 60
3118 60
3119 60
3120 60
3121 60
3122 60
3123 60
3124 60
3125 60
3126 60
3127 60
3128 60
3129 60
3130 60
3131 60
3132 60
3133 60
3134 60
3135 60
3136 60
3137 60
3138 60
3139 60
3140 60
3141 60
3142 60
3143 60
3144 60
3145 60
3146 60
3147 60
3148 60
3149 60
3150 60
3151 60
3152 60
3153 60
3154 60
3155 60
3156 60
3157 60
3158 60
3159 60
3160 60
3161 60
3162 60
3163 60
3164 60
3165 60
3166 60
3167 60
3168 60
3169 60
3170 60
3171 60
3172 60
3173 60
3174 60
3175 60
3176 60
3177 60
3178 60
3179 60
3180 60
3181 60
3182 60
3183 60
3184 60
3185 60
3186 60
3187 60
3188 60
3189 60
3190 60
3191 60
3192 60
3193 60
3194 60
3195 60
3196 60
3197 60
3198 60
3199 60
3200 60
3201 60
3202 60
3203 60
3204 60
3205 60
3206 60
3207 60
3208 60
3209 60
3210 60
3211 60
3212 60
3213 60
3214 60
3215 60
3216 60
3217 60
3218 60
3219 60
3220 60
3221 60
3222 60
3223 60
3224 60
3225 60
3226 60
3227 60
3228 60
3229 60
3230 60
3231 60
3232 60
3233 60
3234 60
3235 60
3236 60
3237 60
3238 60
3239 60
3240 60
3241 60
3242 60
3243 60
3244 60
3245 60
3246 60
3247 60
3248 60
3249 60
3250 60
3251 60
3252 60
3253 60
3254 60
3255 60
3256 60
3257 60
3258 60
3259 60
3260 60
3261 60
3262 60
3263 60
3264 60
3265 60
3266 60
3267 60
3268 60
3269 60
3270 60
3271 60
3272 60
3273 60
3274 60
3275 60
3276 60
3277 60
3278 60
3279 60
3280 60
3281 60
3282 60
3283 60
3284 60
3285 60
3286 60
3287 60
3288 60
3289 60
3290 60
3291 60
3292 60
3293 60
3294 60
3295 60
3296 60
3297 60
3298 60
3299 60
3300 60
3301 60
3302 60
3303 60
3304 60
3305 60
3306 60
3307 60
3308 60
3309 60
3310 60
3311 60
3312 60
3313 60
3314 60
3315 60
3316 60
3317 60
3318 60
3319 60
3320 60
3321 60
3322 60
3323 60
3324 60
3325 60
3326 60
3327 60
3328 60
3329 60
3330 60
3331 60
3332 60
3333 60
3334 60
3335 60
3336 60
3337 60
3338 60
3339 60
3340 60
3341 60
3342 60
3343 60
3344 60
3345 60
3346 60
3347 60
3348 60
3349 60
3350 60
3351 60
3352 60
3353 60
3354 60
3355 60
3356 60
3357 60
3358 60
3359 60
3360 60
3361 60
3362 60
3363 60
3364 60
3365 60
3366 60
3367 60
3368 60
3369 60
3370 60
3371 60
3372 60
3373 60
3374 60
3375 60
3376 60
3377 60
3378 60
3379 60
3380 60
3381 60
3382 60
3383 60
3384 60
3385 60
3386 60
3387 60
3388 60
3389 60
3390 60
3391 60
3392 60
3393 60
3394 60
3395 60
3396 60
3397 60
3398 60
3399 60
3400 60
3401 60
3402 60
3403 60
3404 60
3405 60
3406 60
3407 60
3408 60
3409 60
3410 60
3411 60
3412 60
3413 60
3414 60
3415 60
3416 60
3417 60
3418 60
3419 60
3420 60
3421 60
3422 60
3423 60
3424 60
3425 60
3426 60
3427 60
3428 60
3429 60
3430 60
3431 60
3432 60
3433 60
3434 60
3435 60
3436 60
3437 60
3438 60
3439 60
3440 60
3441 60
3442 60
3443 60
3444 60
3445 60
3446 60
3447 60
3448 60
3449 60
3450 60
3451 60
3452 60
3453 60
3454 60
3455 60
3456 60
3457 60
3458 60
3459 60
3460 60
3461 60
3462 60
3463 60
3464 60
3465 60
3466 60
3467 60
3468 60
3469 60
3470 60
3471 60
3472 60
3473 60
3474 60
3475 60
3476 60
3477 60
3478 60
3479 60
3480 60
3481 60
3482 60
3483 60
3484 60
3485 60
3486 60
3487 60
3488 60
3489 60
3490 60
3491 60
3492 60
3493 60
3494 60
3495 60
3496 60
3497 60
3498 60
3499 60
3500 60
3501 60
3502 62
3503 64
3504 61
3505 62
3506 61
3507 60
3508 64
3509 60
3510 60
3511 60
3512 63
3513 62
3514 62
3515 62
3516 61
3517 61
3518 64
3519 64
3520 60
3521 60
3522 60
3523 61
3524 64
3525 61
3526 64
3527 62
3528 61
3529 61
3530 60
3531 64
3532 60
3533 61
3534 63
3535 61
3536 60
3537 63
3538 63
3539 61
3540 61
3541 60
3542 62
3543 61
3544 61
3545 60
3546 62
3547 63
3548 60
3549 60
3550 62
3551 64
3552 63
3553 63
3554 63
3555 63
3556 64
3557 62
3558 63
3559 63
3560 63
3561 62
3562 64
3563 63
3564 61
3565 64
3566 62
3567 62
3568 60
3569 61
3570 60
3571 64
3572 60
3573 61
3574 60
3575 62
3576 64
3577 63
3578 64
3579 62
3580 62
3581 63
3582 63
3583 64
3584 63
3585 60
3586 64
3587 61
3588 64
3589 64
3590 63
3591 62
3592 62
3593 61
3594 63
3595 63
3596 60
3597 62
3598 64
3599 61
3600 62
3601 62
3602 64
3603 62
3604 61
3605 61
3606 60
3607 62
3608 63
3609 62
3610 61
3611 61
3612 62
3613 64
3614 61
3615 63
3616 61
3617 62
3618 63
3619 64
3620 64
3621 62
3622 60
3623 62
3624 62
3625 63
3626 60
3627 60
3628 61
3629 62
3630 60
3631 64
3632 61
3633 61
3634 62
3635 61
3636 61
3637 63
3638 60
3639 63
3640 62
3641 61
3642 62
3643 60
3644 64
3645 61
3646 62
3647 61
3648 62
3649 60
3650 62
3651 63
3652 62
3653 64
3654 63
3655 60
3656 64
3657 61
3658 60
3659 63
3660 63
3661 63
3662 64
3663 63
3664 61
3665 62
3666 63
3667 63
3668 60
3669 61
3670 62
3671 61
3672 61
3673 64
3674 64
3675 61
3676 61
3677 63
3678 63
3679 60
3680 60
3681 63
3682 60
3683 64
3684 63
3685 61
3686 63
3687 63
3688 64
3689 63
3690 62
3691 61
3692 62
3693 60
3694 62
3695 61
3696 64
3697 62
3698 60
3699 63
3700 63
3701 64
3702 62
3703 61
3704 63
3705 63
3706 63
3707 62
3708 62
3709 61
3710 61
3711 62
3712 63
3713 60
3714 60
3715 61
3716 64
3717 60
3718 61
3719 62
3720 61
3721 64
3722 62
3723 60
3724 62
3725 63
3726 61
3727 60
3728 63
3729 63
3730 62
3731 64
3732 62
3733 64
3734 64
3735 62
3736 60
3737 61
3738 60
3739 64
3740 61
3741 63
3742 63
3743 62
3744 61
3745 64
3746 60
3747 60
3748 63
3749 61
3750 63
3751 63
3752 63
3753 62
3754 60
3755 62
3756 62
3757 60
3758 61
3759 63
3760 64
3761 60
3762 60
3763 64
3764 61
3765 62
3766 60
3767 64
3768 61
3769 64
3770 63
3771 61
3772 64
3773 61
3774 62
3775 64
3776 63
3777 61
3778 64
3779 62
3780 64
3781 60
3782 64
3783 63
3784 60
3785 60
3786 62
3787 63
3788 63
3789 63
3790 61
3791 63
3792 61
3793 63
3794 63
3795 62
3796 61
3797 64
3798 62
3799 60
3800 63
3801 64
3802 64
3803 62
3804 64
3805 61
3806 61
3807 60
3808 60
3809 60
3810 61
3811 60
3812 63
3813 62
3814 62
3815 61
3816 62
3817 64
3818 63
3819 61
3820 61
3821 62
3822 63
3823 60
3824 63
3825 60
3826 62
3827 61
3828 60
3829 60
3830 62
3831 63
3832 64
3833 60
3834 64
3835 60
3836 64
3837 64
3838 60
3839 61
3840 62
3841 61
3842 61
3843 60
3844 62
3845 61
3846 64
3847 63
3848 64
3849 64
3850 61
3851 62
3852 64
3853 63
3854 60
3855 64
3856 60
3857 62
3858 64
3859 62
3860 62
3861 63
3862 64
3863 63
3864 63
3865 64
3866 60
3867 62
3868 62
3869 64
3870 61
3871 61
3872 64
3873 60
3874 61
3875 64
3876 64
3877 60
3878 62
3879 62
3880 63
3881 61
3882 63
3883 62
3884 63
3885 62
3886 61
3887 64
3888 62
3889 63
3890 61
3891 61
3892 63
3893 61
3894 62
3895 60
3896 60
3897 60
3898 60
3899 60
3900 62
3901 60
3902 60
3903 64
3904 63
3905 64
3906 60
3907 61
3908 61
3909 63
3910 63
3911 63
3912 64
3913 62
3914 62
3915 62
3916 63
3917 64
3918 64
3919 60
3920 63
3921 64
3922 60
3923 62
3924 62
3925 62
3926 61
3927 63
3928 62
3929 60
3930 60
3931 62
3932 61
3933 64
3934 60
3935 61
3936 60
3937 60
3938 64
3939 61
3940 61
3941 62
3942 63
3943 60
3944 63
3945 62
3946 60
3947 60
3948 61
3949 60
3950 61
3951 62
3952 62
3953 60
3954 61
3955 63
3956 62
3957 63
3958 62
3959 63
3960 62
3961 61
3962 63
3963 61
3964 60
3965 62
3966 62
3967 60
3968 63
3969 63
3970 64
3971 63
3972 62
3973 62
3974 62
3975 60
3976 64
3977 61
3978 64
3979 63
3980 64
3981 60
3982 62
3983 61
3984 63
3985 62
3986 61
3987 62
3988 62
3989 61
3990 62
3991 62
3992 62
3993 62
3994 61
3995 64
3996 62
3997 60
3998 64
3999 63
4000 62
4001 60
4002 63
4003 60
4004 63
4005 60
4006 61
4007 62
4008 62
4009 61
4010 63
4011 63
4012 62
4013 62
4014 63
4015 60
4016 63
4017 62
4018 64
4019 64
4020 62
4021 62
4022 63
4023 60
4024 62
4025 62
4026 61
4027 64
4028 64
4029 62
4030 61
4031 63
4032 63
4033 63
4034 61
4035 62
4036 61
4037 61
4038 62
4039 64
4040 60
4041 61
4042 64
4043 64
4044 60
4045 64
4046 62
4047 64
4048 60
4049 64
4050 63
4051 63
4052 61
4053 63
4054 60
4055 62
4056 64
4057 64
4058 64
4059 64
4060 61
4061 60
4062 60
4063 63
4064 62
4065 63
4066 60
4067 64
4068 63
4069 62
4070 60
4071 61
4072 61
4073 62
4074 60
4075 60
4076 62
4077 60
4078 63
4079 61
4080 63
4081 62
4082 61
4083 64
4084 62
4085 63
4086 63
4087 60
4088 62
4089 60
4090 63
4091 60
4092 61
4093 60
4094 60
4095 60
4096 60
4097 60
4098 60
4099 60
4100 60
4101 60
4102 60
4103 60
4104 60
4105 60
4106 60
4107 60
4108 60
4109 60
4110 60
4111 60
4112 60
4113 60
4114 60
4115 60
4116 60
4117 60
4118 60
4119 60
4120 60
4121 60
4122 60
4123 60
4124 60
4125 60
4126 60
4127 60
4128 60
4129 60
4130 60
4131 60
4132 60
4133 60
4134 60
4135 60
4136 60
4137 60
4138 60
4139 60
4140 60
4141 60
4142 60
4143 60
4144 60
4145 60
4146 60
4147 60
4148 60
4149 60
4150 60
4151 60
4152 60
4153 60
4154 60
4155 60
4156 60
4157 60
4158 60
4159 60
4160 60
4161 60
4162 60
4163 60
4164 60
4165 60
4166 60
4167 60
4168 60
4169 60
4170 60
4171 60
4172 60
4173 60
4174 60
4175 60
4176 60
4177 60
4178 60
4179 60
4180 60
4181 60
4182 60
4183 60
4184 60
4185 60
4186 60
4187 60
4188 60
4189 60
4190 60
4191 60
4192 60
4193 60
4194 60
4195 60
4196 60
4197 60
4198 60
4199 60
4200 60
4201 60
4202 60
4203 60
4204 60
4205 60
4206 60
4207 60
4208 60
4209 60
4210 60
4211 60
4212 60
4213 60
4214 60
4215 60
4216 60
4217 60
4218 60
4219 60
4220 60
4221 60
4222 60
4223 60
4224 60
4225 60
4226 60
4227 60
4228 60
4229 60
4230 60
4231 60
4232 60
4233 60
4234 60
4235 60
4236 60
4237 60
4238 60
4239 60
4240 60
4241 60
4242 60
4243 60
4244 60
4245 60
4246 60
4247 60
4248 60
4249 60
4250 60
4251 60
4252 60
4253 60
4254 60
4255 60
4256 60
4257 60
4258 60
4259 60
4260 60
4261 60
4262 60
4263 60
4264 60
4265 60
4266 60
4267 60
4268 60
4269 60
4270 60
4271 60
4272 60
4273 60
4274 60
4275 60
4276 60
4277 60
4278 60
4279 60
4280 60
4281 60
4282 60
4283 60
4284 60
4285 60
4286 60
4287 60
4288 60
4289 60
4290 60
4291 60
4292 60
4293 60
4294 60
4295 60
4296 60
4297 60
4298 60
4299 60
4300 60
4301 60
4302 60
4303 60
4304 60
4305 60
4306 60
4307 60
4308 60
4309 60
4310 60
4311 60
4312 60
4313 60
4314 60
4315 60
4316 60
4317 60
4318 60
4319 60
4320 60
4321 60
4322 60
4323 60
4324 60
4325 60
4326 60
4327 60
4328 60
4329 60
4330 60
4331 60
4332 60
4333 60
4334 60
4335 60
4336 60
4337 60
4338 60
4339 60
4340 60
4341 60
4342 60
4343 60
4344 60
4345 60
4346 60
4347 60
4348 60
4349 60
4350 60
4351 60
4352 60
4353 60
4354 60
4355 60
4356 60
4357 60
4358 60
4359 60
4360 60
4361 60
4362 60
4363 60
4364 60
4365 60
4366 60
4367 60
4368 60
4369 60
4370 60
4371 60
4372 60
4373 60
4374 60
4375 60
4376 60
4377 60
4378 60
4379 60
4380 60
4381 60
4382 60
4383 60
4384 60
4385 60
4386 60
4387 60
4388 60
4389 60
4390 60
4391 60
4392 60
4393 60
4394 60
4395 60
4396 60
4397 60
4398 60
4399 60
4400 60
4401 60
4402 60
4403 60
4404 60
4405 60
4406 60
4407 60
4408 60
4409 60
4410 60
4411 60
4412 60
4413 60
4414 60
4415 60
4416 60
4417 60
4418 60
4419 60
4420 60
4421 60
4422 60
4423 60
4424 60
4425 60
4426 60
4427 60
4428 60
4429 60
4430 60
4431 60
4432 60
4433 60
4434 60
4435 60
4436 60
4437 60
4438 60
4439 60
4440 60
4441 60
4442 60
4443 60
4444 60
4445 60
4446 60
4447 60
4448 60
4449 60
4450 60
4451 60
4452 60
4453 60
4454 60
4455 60
4456 60
4457 60
4458 60
4459 60
4460 60
4461 60
4462 60
4463 60
4464 60
4465 60
4466 60
4467 60
4468 60
4469 60
4470 60
4471 60
4472 60
4473 60
4474 60
4475 60
4476 60
4477 60
4478 60
4479 60
4480 60
4481 60
4482 60
4483 60
4484 60
4485 60
4486 60
4487 60
4488 60
4489 60
4490 60
4491 60
4492 60
4493 60
4494 60
4495 60
4496 60
4497 60
4498 60
4499 60
4500 60
4501 60
4502 60
4503 60
4504 60
4505 60
4506 60
4507 60
4508 60
4509 60
4510 60
4511 60
4512 60
4513 60
4514 60
4515 60
4516 60
4517 60
4518 60
4519 60
4520 60
4521 60
4522 60
4523 60
4524 60
4525 60
4526 60
4527 60
4528 60
4529 60
4530 60
4531 60
4532 60
4533 60
4534 60
4535 60
4536 60
4537 60
4538 60
4539 60
4540 60
4541 60
4542 60
4543 60
4544 60
4545 60
4546 60
4547 60
4548 60
4549 60
4550 60
4551 60
4552 60
4553 60
4554 60
4555 60
4556 60
4557 60
4558 60
4559 60
4560 60
4561 60
4562 60
4563 60
4564 60
4565 60
4566 60
4567 60
4568 60
4569 60
4570 60
4571 60
4572 60
4573 60
4574 60
4575 60
4576 60
4577 60
4578 60
4579 60
4580 60
4581 60
4582 60
4583 60
4584 60
4585 60
4586 60
4587 60
4588 60
4589 60
4590 60
4591 60
4592 60
4593 60
4594 60
4595 60
4596 60
4597 60
4598 60
4599 60
4600 60
4601 60
4602 60
4603 60
4604 60
4605 60
4606 60
4607 60
4608 60
4609 60
4610 60
4611 60
4612 60
4613 60
4614 60
4615 60
4616 60
4617 60
4618 60
4619 60
4620 60
4621 60
4622 60
4623 60
4624 60
4625 60
4626 60
4627 60
4628 60
4629 60
4630 60
4631 60
4632 60
4633 60
4634 60
4635 60
4636 60
4637 60
4638 60
4639 60
4640 60
4641 60
4642 60
4643 60
4644 60
4645 60
4646 60
4647 60
4648 60
4649 60
4650 60
4651 60
4652 60
4653 60
4654 60
4655 60
4656 60
4657 60
4658 60
4659 60
4660 60
4661 60
4662 60
4663 60
4664 60
4665 60
4666 60
4667 60
4668 60
4669 60
4670 60
4671 60
4672 60
4673 60
4674 60
4675 60
4676 60
4677 60
4678 60
4679 60
4680 60
4681 60
4682 60
4683 60
4684 60
4685 60
4686 60
4687 60
4688 60
4689 60
4690 60
4691 60
4692 60
4693 60
4694 60
4695 60
4696 60
4697 60
4698 60
4699 60
4700 60
4701 60
4702 60
4703 60
4704 60
4705 60
4706 60
4707 60
4708 60
4709 60
4710 60
4711 60
4712 60
4713 60
4714 60
4715 60
4716 60
4717 60
4718 60
4719 60
4720 60
4721 60
4722 60
4723 60
4724 60
4725 60
4726 60
4727 60
4728 60
4729 60
4730 60
4731 60
4732 60
4733 60
4734 60
4735 60
4736 60
4737 60
4738 60
4739 60
4740 60
4741 60
4742 60
4743 60
4744 60
4745 60
4746 60
4747 60
4748 60
4749 60
4750 60
4751 60
4752 60
4753 60
4754 60
4755 60
4756 60
4757 60
4758 60
4759 60
4760 60
4761 60
4762 60
4763 60
4764 60
4765 60
4766 60
4767 60
4768 60
4769 60
4770 60
4771 60
4772 60
4773 60
4774 60
4775 60
4776 60
4777 60
4778 60
4779 60
4780 60
4781 60
4782 60
4783 60
4784 60
4785 60
4786 60
4787 60
4788 60
4789 60
4790 60
4791 60
4792 60
4793 60
4794 60
4795 60
4796 60
4797 60
4798 60
4799 60
4800 60
4801 60
4802 60
4803 60
4804 60
4805 60
4806 60
4807 60
4808 60
4809 60
4810 60
4811 60
4812 60
4813 60
4814 60
4815 60
4816 60
4817 60
4818 60
4819 60
4820 60
4821 60
4822 60
4823 60
4824 60
4825 60
4826 60
4827 60
4828 60
4829 60
4830 60
4831 60
4832 60
4833 60
4834 60
4835 60
4836 60
4837 60
4838 60
4839 60
4840 60
4841 60
4842 60
4843 60
4844 60
4845 60
4846 60
4847 60
4848 60
4849 60
4850 60
4851 60
4852 60
4853 60
4854 60
4855 60
4856 60
4857 60
4858 60
4859 60
4860 60
4861 60
4862 60
4863 60
4864 60
4865 60
4866 60
4867 60
4868 60
4869 60
4870 60
4871 60
4872 60
4873 60
4874 60
4875 60
4876 60
4877 60
4878 60
4879 60
4880 60
4881 60
4882 60
4883 60
4884 60
4885 60
4886 60
4887 60
4888 60
4889 60
4890 60
4891 60
4892 60
4893 60
4894 60
4895 60
4896 60
4897 60
4898 60
4899 60
4900 60
4901 60
4902 60
4903 60
4904 60
4905 60
4906 60
4907 60
4908 60
4909 60
4910 60
4911 60
4912 60
4913 60
4914 60
4915 60
4916 60
4917 60
4918 60
4919 60
4920 60
4921 60
4922 60
4923 60
4924 60
4925 60
4926 60
4927 60
4928 60
4929 60
4930 60
4931 60
4932 60
4933 60
4934 60
4935 60
4936 60
4937 60
4938 60
4939 60
4940 60
4941 60
4942 60
4943 60
4944 60
4945 60
4946 60
4947 60
4948 60
4949 60
4950 60
4951 60
4952 60
4953 60
4954 60
4955 60
4956 60
4957 60
4958 60
4959 60
4960 60
4961 60
4962 60
4963 60
4964 60
4965 60
4966 60
4967 60
4968 60
4969 60
4970 60
4971 60
4972 60
4973 60
4974 60
4975 60
4976 60
4977 60
4978 60
4979 60
4980 60
4981 60
4982 60
4983 60
4984 60
4985 60
4986 60
4987 60
4988 60
4989 60
4990 60
4991 60
4992 60
4993 60
4994 60
4995 60
4996 60
4997 60
4998 60
4999 60
5000 60
5001 60
5002 60
5003 60
5004 60
5005 60
5006 60
5007 60
5008 60
5009 60
5010 60
5011 60
5012 60
5013 60
5014 60
5015 60
5016 60
5017 60
5018 60
5019 60
5020 60
5021 60
5022 60
5023 60
5024 60
5025 60
5026 60
5027 60
5028 60
5029 60
5030 60
5031 60
5032 60
5033 60
5034 60
5035 60
5036 60
5037 60
5038 60
5039 60
5040 60
5041 60
5042 60
5043 60
5044 60
5045 60
5046 60
5047 60
5048 60
5049 60
5050 60
5051 60
5052 60
5053 60
5054 60
5055 60
5056 60
5057 60
5058 60
5059 60
5060 60
5061 60
5062 60
5063 60
5064 60
5065 60
5066 60
5067 60
5068 60
5069 60
5070 60
5071 60
5072 60
5073 60
5074 60
5075 60
5076 60
5077 60
5078 60
5079 60
5080 60
5081 60
5082 60
5083 60
5084 60
5085 60
5086 60
5087 60
5088 60
5089 60
5090 60
5091 60
5092 60
5093 60
5094 60
5095 60
5096 60
5097 60
5098 60
5099 60
5100 60
5101 60
5102 60
5103 60
5104 60
5105 60
5106 60
5107 60
5108 60
5109 60
5110 60
5111 60
5112 60
5113 60
5114 60
5115 60
5116 60
5117 60
5118 60
5119 60
5120 60
5121 60
5122 60
5123 60
5124 60
5125 60
5126 60
5127 60
5128 60
5129 60
5130 60
5131 60
5132 60
5133 60
5134 60
5135 60
5136 60
5137 60
5138 60
5139 60
5140 60
5141 60
5142 60
5143 60
5144 60
5145 60
5146 60
5147 60
5148 60
5149 60
5150 60
5151 60
5152 60
5153 60
5154 60
5155 60
5156 60
5157 60
5158 60
5159 60
5160 60
5161 60
5162 60
5163 60
5164 60
5165 60
5166 60
5167 60
5168 60
5169 60
5170 60
5171 60
5172 60
5173 60
5174 60
5175 60
5176 60
5177 60
5178 60
5179 60
5180 60
5181 60
5182 60
5183 60
5184 60
5185 60
5186 60
5187 60
5188 60
5189 60
5190 60
5191 60
5192 60
5193 60
5194 60
5195 60
5196 60
5197 60
5198 60
5199 60
5200 60
5201 60
5202 60
5203 60
5204 60
5205 60
5206 60
5207 60
5208 60
5209 60
5210 60
5211 60
5212 60
5213 60
5214 60
5215 60
5216 60
5217 60
5218 60
5219 60
5220 60
5221 60
5222 60
5223 60
5224 60
5225 60
5226 60
5227 60
5228 60
5229 60
5230 60
5231 60
5232 60
5233 60
5234 60
5235 60
5236 60
5237 60
5238 60
5239 60
5240 60
5241 60
5242 60
5243 60
5244 60
5245 60
5246 60
5247 60
5248 60
5249 60
5250 60
5251 60
5252 60
5253 60
5254 60
5255 60
5256 60
5257 60
5258 60
5259 60
5260 60
5261 60
5262 60
5263 60
5264 60
5265 60
5266 60
5267 60
5268 60
5269 60
5270 60
5271 60
5272 60
5273 60
5274 60
5275 60
5276 60
5277 60
5278 60
5279 60
5280 60
5281 60
5282 60
5283 60
5284 60
5285 60
5286 60
5287 60
5288 60
5289 60
5290 60
5291 60
5292 60
5293 60
5294 60
5295 60
5296 60
5297 60
5298 60
5299 60
5300 60
5301 60
5302 60
5303 60
5304 60
5305 60
5306 60
5307 60
5308 60
5309 60
5310 60
5311 60
5312 60
5313 60
5314 60
5315 60
5316 60
5317 60
5318 60
5319 60
5320 60
5321 60
5322 60
5323 60
5324 60
5325 60
5326 60
5327 60
5328 60
5329 60
5330 60
5331 60
5332 60
5333 60
5334 60
5335 60
5336 60
5337 60
5338 60
5339 60
5340 60
5341 60
5342 60
5343 60
5344 60
5345 60
5346 60
5347 60
5348 60
5349 60
5350 60
5351 60
5352 60
5353 60
5354 60
5355 60
5356 60
5357 60
5358 60
5359 60
5360 60
5361 60
5362 60
5363 60
5364 60
5365 60
5366 60
5367 60
5368 60
5369 60
5370 60
5371 60
5372 60
5373 60
5374 60
5375 60
5376 60
5377 60
5378 60
5379 60
5380 60
5381 60
5382 60
5383 60
5384 60
5385 60
5386 60
5387 60
5388 60
5389 60
5390 60
5391 60
5392 60
5393 60
5394 60
5395 60
5396 60
5397 60
5398 60
5399 60
5400 60
5401 60
5402 60
5403 60
5404 60
5405 60
5406 60
5407 60
5408 60
5409 60
5410 60
5411 60
5412 60
5413 60
5414 60
5415 60
5416 60
5417 60
5418 60
5419 60
5420 60
5421 60
5422 60
5423 60
5424 60
5425 60
5426 60
5427 60
5428 60
5429 60
5430 60
5431 60
5432 60
5433 60
5434 60
5435 60
5436 60
5437 60
5438 60
5439 60
5440 60
5441 60
5442 60
5443 60
5444 60
5445 60
5446 60
5447 60
5448 60
5449 60
5450 60
5451 60
5452 60
5453 60
5454 60
5455 60
5456 60
5457 60
5458 60
5459 60
5460 60
5461 60
5462 60
5463 60
5464 60
5465 60
5466 60
5467 60
5468 60
5469 60
5470 60
5471 60
5472 60
5473 60
5474 60
5475 60
5476 60
5477 60
5478 60
5479 60
5480 60
5481 60
5482 60
5483 60
5484 57
5485 58
5486 57
5487 58
5488 58
5489 55
5490 56
5491 58
5492 59
5493 56
5494 58
5495 55
5496 58
5497 58
5498 59
5499 57
5500 57
5501 56
5502 57
5503 56
5504 57
5505 59
5506 55
5507 55
5508 57
5509 57
5510 59
5511 58
5512 56
5513 58
5514 58
5515 55
5516 57
5517 56
5518 58
5519 55
5520 59
5521 58
5522 56
5523 56
5524 56
5525 55
5526 55
5527 55
5528 56
5529 56
5530 56
5531 57
5532 55
5533 55
5534 59
5535 59
5536 56
5537 57
5538 58
5539 56
5540 57
5541 55
5542 55
5543 55
5544 58
5545 56
5546 59
5547 58
5548 57
5549 59
5550 55
5551 56
5552 55
5553 58
5554 56
5555 59
5556 55
5557 58
5558 59
5559 57
5560 55
5561 59
5562 58
5563 59
5564 56
5565 58
5566 56
5567 59
5568 56
5569 55
5570 57
5571 59
5572 58
5573 59
5574 56
5575 57
5576 56
5577 57
5578 55
5579 58
5580 55
5581 59
5582 56
5583 59
5584 57
5585 59
5586 55
5587 59
5588 55
5589 56
5590 57
5591 56
5592 55
5593 57
5594 55
5595 55
5596 58
5597 58
5598 57
5599 59
5600 59
5601 57
5602 57
5603 56
5604 57
5605 55
5606 57
5607 57
5608 59
5609 58
5610 56
5611 59
5612 55
5613 58
5614 58
5615 57
5616 59
5617 58
5618 56
5619 57
5620 59
5621 58
5622 58
5623 55
5624 56
5625 56
5626 59
5627 58
5628 55
5629 56
5630 59
5631 56
5632 56
5633 58
5634 55
5635 58
5636 57
5637 57
5638 58
5639 56
5640 55
5641 57
5642 56
5643 58
5644 55
5645 59
5646 59
5647 55
5648 59
5649 59
5650 55
5651 55
5652 57
5653 59
5654 58
5655 56
5656 57
5657 59
5658 55
5659 56
5660 58
5661 59
5662 56
5663 56
5664 56
5665 58
5666 57
5667 57
5668 55
5669 58
5670 56
5671 55
5672 58
5673 59
5674 56
5675 59
5676 58
5677 57
5678 56
5679 55
5680 57
5681 56
5682 57
5683 58
5684 55
5685 59
5686 56
5687 58
5688 55
5689 58
5690 56
5691 57
5692 55
5693 58
5694 59
5695 59
5696 58
5697 56
5698 58
5699 59
5700 57
5701 57
5702 58
5703 58
5704 57
5705 58
5706 55
5707 57
5708 59
5709 57
5710 55
5711 57
5712 59
5713 57
5714 55
5715 58
5716 55
5717 56
5718 57
5719 55
5720 56
5721 58
5722 59
5723 55
5724 58
5725 58
5726 56
5727 55
5728 59
5729 55
5730 57
5731 55
5732 57
5733 58
5734 56
5735 56
5736 58
5737 55
5738 55
5739 59
5740 56
5741 56
5742 57
5743 58
5744 56
5745 55
5746 58
5747 59
5748 55
5749 57
5750 56
5751 55
5752 58
5753 55
5754 56
5755 56
5756 56
5757 55
5758 56
5759 56
5760 59
5761 59
5762 55
5763 55
5764 58
5765 58
5766 59
5767 59
5768 55
5769 55
5770 59
5771 58
5772 58
5773 55
5774 57
5775 55
5776 57
5777 59
5778 55
5779 59
5780 58
5781 55
5782 56
5783 56
5784 58
5785 58
5786 59
5787 56
5788 58
5789 57
5790 56
5791 59
5792 57
5793 57
5794 59
5795 55
5796 59
5797 58
5798 56
5799 58
5800 56
5801 55
5802 56
5803 59
5804 59
5805 59
5806 58
5807 59
5808 58
5809 59
5810 55
5811 57
5812 55
5813 57
5814 57
5815 59
5816 57
5817 58
5818 56
5819 56
5820 59
5821 57
5822 58
5823 58
5824 56
5825 59
5826 55
5827 59
5828 55
5829 58
5830 55
5831 55
5832 58
5833 55
5834 59
5835 55
5836 59
5837 56
5838 58
5839 58
5840 55
5841 57
5842 58
5843 57
5844 58
5845 55
5846 59
5847 58
5848 57
5849 55
5850 59
5851 56
5852 59
5853 59
5854 56
5855 57
5856 55
5857 56
5858 58
5859 57
5860 59
5861 55
5862 59
5863 56
5864 56
5865 56
5866 59
5867 57
5868 59
5869 57
5870 57
5871 59
5872 55
5873 56
5874 57
5875 59
5876 58
5877 57
5878 58
5879 58
5880 55
5881 55
5882 57
5883 55
5884 59
5885 58
5886 59
5887 57
5888 58
5889 58
5890 55
5891 55
5892 58
5893 56
5894 57
5895 56
5896 56
5897 55
5898 58
5899 59
5900 58
5901 58
5902 57
5903 59
5904 56
5905 55
5906 55
5907 59
5908 56
5909 57
5910 58
5911 55
5912 55
5913 55
5914 58
5915 55
5916 55
5917 59
5918 55
5919 59
5920 59
5921 58
5922 57
5923 55
5924 57
5925 55
5926 56
5927 57
5928 55
5929 55
5930 55
5931 57
5932 56
5933 57
5934 59
5935 55
5936 57
5937 59
5938 57
5939 55
5940 57
5941 58
5942 56
5943 59
5944 56
5945 56
5946 58
5947 59
5948 58
5949 56
5950 55
5951 58
5952 58
5953 58
5954 58
5955 57
5956 57
5957 57
5958 59
5959 56
5960 59
5961 57
5962 56
5963 56
5964 55
5965 55
5966 58
5967 56
5968 57
5969 56
5970 55
5971 55
5972 59
5973 58
5974 59
5975 57
5976 55
5977 57
5978 59
5979 57
5980 59
5981 57
5982 57
5983 58
5984 59
5985 59
5986 56
5987 57
5988 55
5989 55
5990 55
5991 55
5992 59
5993 56
5994 58
5995 59
5996 56
5997 59
5998 59
5999 59
6000 55
6001 57
6002 57
6003 59
6004 59
6005 56
6006 58
6007 58
6008 56
6009 59
6010 58
6011 56
6012 55
6013 57
6014 59
6015 57
6016 59
6017 55
6018 57
6019 59
6020 56
6021 56
6022 55
6023 56
6024 55
6025 58
6026 55
6027 57
6028 56
6029 55
6030 56
6031 55
6032 58
6033 55
6034 55
6035 57
6036 59
6037 56
6038 59
6039 55
6040 55
6041 57
6042 58
6043 57
6044 56
6045 57
6046 59
6047 55
6048 56
6049 56
6050 57
6051 58
6052 57
6053 58
6054 58
6055 56
6056 59
6057 55
6058 57
6059 55
6060 59
6061 55
6062 55
6063 57
6064 59
6065 58
6066 59
6067 55
6068 58
6069 57
6070 59
6071 55
6072 56
6073 55
6074 57
6075 59
6076 59
6077 55
6078 55
6079 55
6080 57
6081 55
6082 57
6083 57
6084 58
6085 58
6086 58
6087 55
6088 58
6089 56
6090 58
6091 59
6092 57
6093 57
6094 55
6095 58
6096 56
6097 58
6098 56
6099 57
6100 57
6101 57
6102 59
6103 59
6104 57
6105 55
6106 55
6107 57
6108 55
6109 59
6110 57
6111 58
6112 58
6113 56
6114 57
6115 56
6116 57
6117 56
6118 56
6119 58
6120 57
6121 57
6122 59
6123 57
6124 58
6125 57
6126 58
6127 56
6128 59
6129 57
6130 58
6131 59
6132 57
6133 56
6134 59
6135 55
6136 59
6137 55
6138 56
6139 56
6140 56
6141 57
6142 58
6143 55
6144 56
6145 56
6146 56
6147 59
6148 57
6149 58
6150 57
6151 59
6152 59
6153 56
6154 57
6155 56
6156 58
6157 57
6158 57
6159 56
6160 57
6161 57
6162 58
6163 58
6164 58
6165 58
6166 55
6167 57
6168 55
6169 56
6170 58
6171 56
6172 55
6173 59
6174 57
6175 59
6176 57
6177 59
6178 56
6179 58
6180 56
6181 59
6182 55
6183 56
6184 55
6185 59
6186 57
6187 55
6188 59
6189 57
6190 57
6191 58
6192 56
6193 57
6194 59
6195 55
6196 56
6197 58
6198 54
6199 53
6200 53
6201 52
6202 50
6203 52
6204 51
6205 51
6206 53
6207 52
6208 53
6209 54
6210 54
6211 52
6212 52
6213 54
6214 51
6215 50
6216 52
6217 50
6218 52
6219 52
6220 54
6221 51
6222 54
6223 50
6224 54
6225 54
6226 54
6227 51
6228 50
6229 52
6230 52
6231 51
6232 54
6233 52
6234 53
6235 50
6236 50
6237 51
6238 54
6239 50
6240 50
6241 54
6242 52
6243 54
6244 53
6245 54
6246 54
6247 51
6248 54
6249 52
6250 53
6251 53
6252 54
6253 51
6254 51
6255 52
6256 51
6257 50
6258 50
6259 54
6260 52
6261 53
6262 51
6263 52
6264 50
6265 52
6266 50
6267 50
6268 51
6269 54
6270 50
6271 52
6272 51
6273 52
6274 50
6275 51
6276 53
6277 53
6278 53
6279 53
6280 51
6281 53
6282 52
6283 50
6284 50
6285 51
6286 50
6287 52
6288 53
6289 52
6290 52
6291 53
6292 52
6293 51
6294 50
6295 50
6296 51
6297 50
6298 51
6299 51
6300 53
6301 50
6302 51
6303 50
6304 52
6305 50
6306 50
6307 52
6308 51
6309 51
6310 54
6311 54
6312 51
6313 53
6314 51
6315 54
6316 52
6317 52
6318 53
6319 51
6320 53
6321 53
6322 50
6323 52
6324 52
6325 54
6326 51
6327 53
6328 54
6329 50
6330 51
6331 53
6332 54
6333 52
6334 52
6335 53
6336 53
6337 52
6338 53
6339 53
6340 54
6341 54
6342 52
6343 51
6344 54
6345 53
6346 52
6347 53
6348 52
6349 52
6350 51
6351 50
6352 52
6353 51
6354 50
6355 53
6356 52
6357 52
6358 54
6359 50
6360 52
6361 50
6362 52
6363 53
6364 52
6365 54
6366 54
6367 52
6368 51
6369 52
6370 54
6371 53
6372 53
6373 51
6374 50
6375 54
6376 53
6377 54
6378 50
6379 52
6380 52
6381 54
6382 52
6383 54
6384 53
6385 53
6386 54
6387 54
6388 54
6389 52
6390 52
6391 54
6392 53
6393 51
6394 53
6395 52
6396 51
6397 51
6398 53
6399 52
6400 52
6401 52
6402 50
6403 50
6404 53
6405 53
6406 51
6407 50
6408 51
6409 51
6410 50
6411 51
6412 50
6413 53
6414 52
6415 52
6416 53
6417 51
6418 53
6419 52
6420 53
6421 53
6422 53
6423 50
6424 53
6425 50
6426 51
6427 54
6428 54
6429 53
6430 52
6431 53
6432 52
6433 50
6434 53
6435 51
6436 53
6437 52
6438 51
6439 51
6440 51
6441 50
6442 54
6443 54
6444 51
6445 52
6446 52
6447 52
6448 51
6449 54
6450 53
6451 54
6452 51
6453 53
6454 53
6455 54
6456 51
6457 52
6458 50
6459 50
6460 50
6461 53
6462 54
6463 50
6464 54
6465 51
6466 51
6467 52
6468 50
6469 51
6470 50
6471 53
6472 51
6473 50
6474 50
6475 50
6476 52
6477 51
6478 52
6479 51
6480 52
6481 50
6482 53
6483 52
6484 53
6485 51
6486 53
6487 51
6488 52
6489 52
6490 53
6491 53
6492 51
6493 51
6494 52
6495 54
6496 54
6497 52
6498 54
6499 50
6500 53
6501 51
6502 54
6503 53
6504 53
6505 51
6506 54
6507 50
6508 53
6509 54
6510 52
6511 52
6512 52
6513 51
6514 54
6515 52
6516 54
6517 53
6518 52
6519 52
6520 54
6521 52
6522 50
6523 50
6524 52
6525 50
6526 54
6527 52
6528 50
6529 53
6530 51
6531 51
6532 53
6533 51
6534 50
6535 54
6536 52
6537 52
6538 50
6539 53
6540 52
6541 51
6542 51
6543 51
6544 52
6545 50
6546 53
6547 53
6548 53
6549 50
6550 53
6551 50
6552 53
6553 51
6554 52
6555 51
6556 53
6557 50
6558 51
6559 51
6560 52
6561 50
6562 54
6563 53
6564 53
6565 50
6566 53
6567 54
6568 52
6569 53
6570 50
6571 51
6572 51
6573 54
6574 52
6575 52
6576 51
6577 50
6578 52
6579 50
6580 50
6581 52
6582 51
6583 53
6584 50
6585 51
6586 51
6587 53
6588 54
6589 52
6590 50
6591 52
6592 51
6593 51
6594 51
6595 52
6596 54
6597 53
6598 50
6599 54
6600 54
6601 51
6602 52
6603 50
6604 51
6605 53
6606 54
6607 50
6608 51
6609 53
6610 52
6611 52
6612 50
6613 54
6614 51
6615 51
6616 51
6617 50
6618 51
6619 53
6620 54
6621 50
6622 50
6623 53
6624 50
6625 50
6626 54
6627 50
6628 54
6629 51
6630 51
6631 51
6632 52
6633 52
6634 52
6635 52
6636 54
6637 54
6638 54
6639 54
6640 50
6641 51
6642 50
6643 51
6644 54
6645 54
6646 52
6647 50
6648 53
6649 52
6650 53
6651 52
6652 51
6653 53
6654 52
6655 50
6656 53
6657 54
6658 51
6659 53
6660 54
6661 54
6662 52
6663 50
6664 50
6665 50
6666 50
6667 52
6668 51
6669 53
6670 52
6671 54
6672 51
6673 52
6674 50
6675 52
6676 52
6677 51
6678 53
6679 54
6680 51
6681 52
6682 52
6683 53
6684 51
6685 54
6686 52
6687 53
6688 50
6689 50
6690 54
6691 52
6692 53
6693 54
6694 52
6695 52
6696 51
6697 50
6698 54
6699 50
6700 53
6701 50
6702 54
6703 50
6704 51
6705 52
6706 54
6707 53
6708 53
6709 50
6710 51
6711 51
6712 52
6713 51
6714 53
6715 51
6716 54
6717 51
6718 52
6719 51
6720 53
6721 53
6722 52
6723 53
6724 52
6725 54
6726 54
6727 54
6728 52
6729 54
6730 54
6731 54
6732 51
6733 54
6734 50
6735 53
6736 50
6737 52
6738 50
6739 53
6740 52
6741 50
6742 52
6743 50
6744 51
6745 50
6746 50
6747 53
6748 54
6749 53
6750 53
6751 54
6752 50
6753 54
6754 52
6755 54
6756 52
6757 51
6758 54
6759 54
6760 52
6761 52
6762 50
6763 53
6764 50
6765 51
6766 52
6767 51
6768 51
6769 54
6770 54
6771 54
6772 53
6773 54
6774 52
6775 54
6776 51
6777 51
6778 50
6779 50
6780 50
6781 50
6782 52
6783 50
6784 51
6785 52
6786 54
6787 53
6788 50
6789 51
6790 52
6791 54
6792 54
6793 50
6794 54
6795 52
6796 54
6797 51
6798 52
6799 53
6800 53
6801 52
6802 52
6803 51
6804 53
6805 52
6806 50
6807 54
6808 53
6809 50
6810 51
6811 51
6812 53
6813 54
6814 53
6815 51
6816 54
6817 50
6818 50
6819 52
6820 54
6821 54
6822 50
6823 52
6824 54
6825 51
6826 52
6827 52
6828 51
6829 52
6830 54
6831 52
6832 51
6833 50
6834 51
6835 54
6836 52
6837 51
6838 54
6839 51
6840 50
6841 51
6842 54
6843 51
6844 51
6845 53
6846 53
6847 52
6848 53
6849 54
6850 53
6851 51
6852 53
6853 54
6854 52
6855 50
6856 52
6857 54
6858 51
6859 52
6860 50
6861 50
6862 54
6863 50
6864 54
6865 50
6866 51
6867 51
6868 53
6869 52
6870 53
6871 52
6872 50
6873 50
6874 52
6875 50
6876 53
6877 54
6878 54
6879 51
6880 51
6881 51
6882 54
6883 52
6884 50
6885 52
6886 52
6887 52
6888 53
6889 50
6890 51
6891 53
6892 51
6893 50
6894 54
6895 51
6896 52
6897 52
6898 51
6899 53
6900 50
6901 52
6902 52
6903 51
6904 53
6905 50
6906 54
6907 52
6908 50
6909 51
6910 52
6911 52
6912 53
6913 54
6914 54
6915 51
6916 53
6917 52
6918 51
6919 53
6920 54
6921 52
6922 51
6923 52
6924 52
6925 54
6926 52
6927 53
6928 52
6929 51
6930 51
6931 51
6932 50
6933 53
6934 53
6935 51
6936 51
6937 51
6938 52
6939 50
6940 50
6941 54
6942 50
6943 52
6944 51
6945 51
6946 52
6947 54
6948 53
6949 54
6950 52
6951 52
6952 50
6953 51
6954 50
6955 50
6956 54
6957 53
6958 54
6959 50
6960 51
6961 53
6962 52
6963 50
6964 50
6965 51
6966 53
6967 50
6968 53
6969 52
6970 53
6971 51
6972 50
6973 54
6974 52
6975 51
6976 50
6977 50
6978 53
6979 51
6980 54
6981 53
6982 54
6983 53
6984 52
6985 54
6986 53
6987 53
6988 50
6989 51
6990 53
6991 51
6992 51
6993 51
6994 60
6995 60
6996 60
6997 60
6998 60
6999 60
7000 60
7001 60
7002 60
7003 60
7004 60
7005 60
7006 60
7007 60
7008 60
7009 60
7010 60
7011 60
7012 60
7013 60
7014 60
7015 60
7016 60
7017 60
7018 60
7019 60
7020 60
7021 60
7022 60
7023 60
7024 60
7025 60
7026 60
7027 60
7028 60
7029 60
7030 60
7031 60
7032 60
7033 60
7034 60
7035 60
7036 60
7037 60
7038 60
7039 60
7040 60
7041 60
7042 60
7043 60
7044 60
7045 60
7046 60
7047 60
7048 60
7049 60
7050 60
7051 60
7052 60
7053 60
7054 60
7055 60
7056 60
7057 60
7058 60
7059 60
7060 60
7061 60
7062 60
7063 60
7064 60
7065 60
7066 60
7067 60
7068 60
7069 60
7070 60
7071 60
7072 60
7073 60
7074 60
7075 60
7076 60
7077 60
7078 60
7079 60
7080 60
7081 60
7082 60
7083 60
7084 60
7085 60
7086 60
7087 60
7088 60
7089 60
7090 60
7091 60
7092 60
7093 60
7094 60
7095 60
7096 60
7097 60
7098 60
7099 60
7100 60
7101 60
7102 60
7103 60
7104 60
7105 60
7106 60
7107 60
7108 60
7109 60
7110 60
7111 60
7112 60
7113 60
7114 60
7115 60
7116 60
7117 60
7118 60
7119 60
7120 60
7121 60
7122 60
7123 60
7124 60
7125 60
7126 60
7127 60
7128 60
7129 60
7130 60
7131 60
7132 60
7133 60
7134 60
7135 60
7136 60
7137 60
7138 60
7139 60
7140 60
7141 60
7142 60
7143 60
7144 60
7145 60
7146 60
7147 60
7148 60
7149 60
7150 60
7151 60
7152 60
7153 60
7154 60
7155 60
7156 60
7157 60
7158 60
7159 60
7160 60
7161 60
7162 60
7163 60
7164 60
7165 60
7166 60
7167 60
7168 60
7169 60
7170 60
7171 60
7172 60
7173 60
7174 60
7175 60
7176 60
7177 60
7178 60
7179 60
7180 60
7181 60
7182 60
7183 60
7184 60
7185 60
7186 60
7187 60
7188 60
7189 60
7190 60
7191 60
7192 60
7193 60
7194 60
7195 60
7196 60
7197 60
7198 60
7199 60
7200 60
7201 60
7202 60
7203 60
7204 60
7205 60
7206 60
7207 60
7208 60
7209 60
7210 60
7211 60
7212 60
7213 60
7214 60
7215 60
7216 60
7217 60
7218 60
7219 60
7220 60
7221 60
7222 60
7223 60
7224 60
7225 60
7226 60
7227 60
7228 60
7229 60
7230 60
7231 60
7232 60
7233 60
7234 60
7235 60
7236 60
7237 60
7238 60
7239 60
7240 60
7241 60
7242 60
7243 60
7244 60
7245 60
7246 60
7247 60
7248 60
7249 60
7250 60
7251 60
7252 60
7253 60
7254 60
7255 60
7256 60
7257 60
7258 60
7259 60
7260 60
7261 60
7262 60
7263 60
7264 60
7265 60
7266 60
7267 60
7268 60
7269 60
7270 60
7271 60
7272 60
7273 60
7274 60
7275 60
7276 60
7277 60
7278 60
7279 60
7280 60
7281 60
7282 60
7283 60
7284 60
7285 60
7286 60
7287 60
7288 60
7289 60
7290 60
7291 60
7292 60
7293 60
7294 60
7295 60
7296 60
7297 60
7298 60
7299 60
7300 60
7301 60
7302 60
7303 60
7304 60
7305 60
7306 60
7307 60
7308 60
7309 60
7310 60
7311 60
7312 60
7313 60
7314 60
7315 60
7316 60
7317 60
7318 60
7319 60
7320 60
7321 60
7322 60
7323 60
7324 60
7325 60
7326 60
7327 60
7328 60
7329 60
7330 60
7331 60
7332 60
7333 60
7334 60
7335 60
7336 60
7337 60
7338 60
7339 60
7340 60
7341 60
7342 60
7343 60
7344 60
7345 60
7346 60
7347 60
7348 60
7349 60
7350 60
7351 60
7352 60
7353 60
7354 60
7355 60
7356 60
7357 60
7358 60
7359 60
7360 60
7361 60
7362 60
7363 60
7364 60
7365 60
7366 60
7367 60
7368 60
7369 60
7370 60
7371 60
7372 60
7373 60
7374 60
7375 60
7376 60
7377 60
7378 60
7379 60
7380 60
7381 60
7382 60
7383 60
7384 60
7385 60
7386 60
7387 60
7388 60
7389 60
7390 60
7391 60
7392 60
7393 60
7394 60
7395 60
7396 60
7397 60
7398 60
7399 60
7400 60
7401 60
7402 60
7403 60
7404 60
7405 60
7406 60
7407 60
7408 60
7409 60
7410 60
7411 60
7412 60
7413 60
7414 60
7415 60
7416 60
7417 60
7418 60
7419 60
7420 60
7421 60
7422 60
7423 60
7424 60
7425 60
7426 60
7427 60
7428 60
7429 60
7430 60
7431 60
7432 60
7433 60
7434 60
7435 60
7436 60
7437 60
7438 60
7439 60
7440 60
7441 60
7442 60
7443 60
7444 60
7445 60
7446 60
7447 60
7448 60
7449 60
7450 60
7451 60
7452 60
7453 60
7454 60
7455 60
7456 60
7457 60
7458 60
7459 60
7460 60
7461 60
7462 60
7463 60
7464 60
7465 60
7466 60
7467 60
7468 60
7469 60
7470 60
7471 60
7472 60
7473 60
7474 60
7475 60
7476 60
7477 60
7478 60
7479 60
7480 60
7481 60
7482 60
7483 60
7484 60
7485 60
7486 60
7487 60
7488 60
7489 60
7490 60
7491 60
7492 60
7493 60
7494 60
7495 60
7496 60
7497 60
7498 60
7499 60
7500 60
7501 60
7502 60
7503 60
7504 60
7505 60
7506 60
7507 60
7508 60
7509 60
7510 60
7511 60
7512 60
7513 60
7514 60
7515 60
7516 60
7517 60
7518 60
7519 60
7520 60
7521 60
7522 60
7523 60
7524 60
7525 60
7526 60
7527 60
7528 60
7529 60
7530 60
7531 60
7532 60
7533 60
7534 60
7535 60
7536 60
7537 60
7538 60
7539 60
7540 60
7541 60
7542 60
7543 60
7544 60
7545 60
7546 60
7547 60
7548 60
7549 60
7550 60
7551 60
7552 60
7553 60
7554 60
7555 60
7556 60
7557 60
7558 60
7559 60
7560 60
7561 60
7562 60
7563 60
7564 60
7565 60
7566 60
7567 60
7568 60
7569 60
7570 60
7571 60
7572 60
7573 60
7574 60
7575 60
7576 60
7577 60
7578 60
7579 60
7580 60
7581 60
7582 60
7583 60
7584 60
7585 60
7586 60
7587 60
7588 60
7589 60
7590 60
7591 60
7592 60
7593 60
7594 60
7595 60
7596 60
7597 60
7598 60
7599 60
7600 60
7601 60
7602 60
7603 60
7604 60
7605 60
7606 60
7607 60
7608 60
7609 60
7610 60
7611 60
7612 60
7613 60
7614 60
7615 60
7616 60
7617 60
7618 60
7619 60
7620 60
7621 60
7622 60
7623 60
7624 60
7625 60
7626 60
7627 60
7628 60
7629 60
7630 60
7631 60
7632 60
7633 60
7634 60
7635 60
7636 60
7637 60
7638 60
7639 60
7640 60
7641 60
7642 60
7643 60
7644 60
7645 60
7646 60
7647 60
7648 60
7649 60
7650 60
7651 60
7652 60
7653 60
7654 60
7655 60
7656 60
7657 60
7658 60
7659 60
7660 60
7661 60
7662 60
7663 60
7664 60
7665 60
7666 60
7667 60
7668 60
7669 60
7670 60
7671 60
7672 60
7673 60
7674 60
7675 60
7676 60
7677 60
7678 60
7679 60
7680 60
7681 60
7682 60
7683 60
7684 60
7685 60
7686 60
7687 60
7688 60
7689 60
7690 60
7691 60
7692 60
7693 60
7694 60
7695 60
7696 60
7697 60
7698 60
7699 60
7700 60
7701 60
7702 60
7703 60
7704 60
7705 60
7706 60
7707 60
7708 60
7709 60
7710 60
7711 60
7712 60
7713 60
7714 60
7715 60
7716 60
7717 60
7718 60
7719 60
7720 60
7721 60
7722 60
7723 60
7724 60
7725 60
7726 60
7727 60
7728 60
7729 60
7730 60
7731 60
7732 60
7733 60
7734 60
7735 60
7736 60
7737 60
7738 60
7739 60
7740 60
7741 60
7742 60
7743 60
7744 60
7745 60
7746 60
7747 60
7748 60
7749 60
7750 60
7751 60
7752 60
7753 60
7754 60
7755 60
7756 60
7757 60
7758 60
7759 60
7760 60
7761 60
7762 60
7763 60
7764 60
7765 60
7766 60
7767 60
7768 60
7769 60
7770 60
7771 60
7772 60
7773 60
7774 60
7775 60
7776 60
7777 60
7778 60
7779 60
7780 60
7781 60
7782 60
7783 60
7784 60
7785 60
7786 60
7787 60
7788 60
7789 60
7790 60
7791 60
7792 60
7793 60
7794 60
7795 60
7796 60
7797 60
7798 60
7799 60
7800 60
7801 60
7802 60
7803 60
7804 60
7805 60
7806 60
7807 60
7808 60
7809 60
7810 60
7811 60
7812 60
7813 60
7814 60
7815 60
7816 60
7817 60
7818 60
7819 60
7820 60
7821 60
7822 60
7823 60
7824 60
7825 60
7826 60
7827 60
7828 60
7829 60
7830 60
7831 60
7832 60
7833 60
7834 60
7835 60
7836 60
7837 60
7838 60
7839 60
7840 60
7841 60
7842 60
7843 60
7844 60
7845 60
7846 60
7847 60
7848 60
7849 60
7850 60
7851 60
7852 60
7853 60
7854 60
7855 60
7856 60
7857 60
7858 60
7859 60
7860 60
7861 60
7862 60
7863 60
7864 60
7865 60
7866 60
7867 60
7868 60
7869 60
7870 60
7871 60
7872 60
7873 60
7874 60
