speed dist
1 10.25 6.55
2 10.4 22.1
3 16.55 10.25
4 16.7 46.4
5 18.85 34.55
6 19.8 22.7
7 21.8 38.85
8 22.1 53.8
9 22.1 69.8
10 24.25 36.1
11 24.85 58.1
12 25.8 30.25
13 25.95 42.85
14 26.1 49.8
15 26.25 57.95
16 28.4 54.1
17 28.7 70.25
18 27.8 70.4
19 27.95 94.7
20 30.1 53.8
21 30.25 73.95
22 30.55 122.1
23 30.7 162.25
24 31.8 42.55
25 32.55 54.7
26 32.1 109.8
27 34.25 66.55
28 34.4 82.1
29 36.55 66.25
30 36.7 82.4
31 36.85 102.55
32 37.8 86.7
33 37.8 114.85
34 38.1 153.8
35 38.1 169.8
36 40.25 74.1
37 40.85 94.1
38 39.8 138.25
39 41.95 66.85
40 42.1 97.8
41 42.25 105.95
42 42.4 114.1
43 42.7 130.25
44 45.8 134.4
45 47.95 110.7
46 50.1 141.8
47 50.25 185.95
48 50.55 188.1
49 50.7 242.25
50 51.8 172.55
