speed dist
1 4.75 2.85
2 4.8 10.7
3 7.85 4.75
4 7.9 22.8
5 8.95 16.85
6 9.6 10.9
7 10.6 18.95
8 10.7 26.6
9 10.7 34.6
10 11.75 17.7
11 11.95 28.7
12 12.6 14.75
13 12.65 20.95
14 12.7 24.6
15 12.75 28.65
16 13.8 26.7
17 13.9 34.75
18 13.6 34.8
19 13.65 46.9
20 14.7 26.6
21 14.75 36.65
22 14.85 60.7
23 14.9 80.75
24 15.6 20.85
25 15.85 26.9
26 15.7 54.6
27 16.75 32.85
28 16.8 40.7
29 17.85 32.75
30 17.9 40.8
31 17.95 50.85
32 18.6 42.9
33 18.6 56.95
34 18.7 76.6
35 18.7 84.6
36 19.75 36.7
37 19.95 46.7
38 19.6 68.75
39 20.65 32.95
40 20.7 48.6
41 20.75 52.65
42 20.8 56.7
43 20.9 64.75
44 22.6 66.8
45 23.65 54.9
46 24.7 70.6
47 24.75 92.65
48 24.85 93.7
49 24.9 120.75
50 25.6 85.85
