speed dist
1 5.5 3.7
2 5.6 11.4
3 8.7 5.5
4 8.8 23.6
5 9.9 17.7
6 10.2 11.8
7 11.2 19.9
8 11.4 27.2
9 11.4 35.2
10 12.5 18.4
11 12.9 29.4
12 13.2 15.5
13 13.3 21.9
14 13.4 25.2
15 13.5 29.3
16 14.6 27.4
17 14.8 35.5
18 14.2 35.6
19 14.3 47.8
20 15.4 27.2
21 15.5 37.3
22 15.7 61.4
23 15.8 81.5
24 16.2 21.7
25 16.7 27.8
26 16.4 55.2
27 17.5 33.7
28 17.6 41.4
29 18.7 33.5
30 18.8 41.6
31 18.9 51.7
32 19.2 43.8
33 19.2 57.9
34 19.4 77.2
35 19.4 85.2
36 20.5 37.4
37 20.9 47.4
38 20.2 69.5
39 21.3 33.9
40 21.4 49.2
41 21.5 53.3
42 21.6 57.4
43 21.8 65.5
44 23.2 67.6
45 24.3 55.8
46 25.4 71.2
47 25.5 93.3
48 25.7 94.4
49 25.8 121.5
50 26.2 86.7
