speed dist
1 4.375 2.425
2 4.4 10.35
3 7.425 4.375
4 7.45 22.4
5 8.475 16.425
6 9.3 10.45
7 10.3 18.475
8 10.35 26.3
9 10.35 34.3
10 11.375 17.35
11 11.475 28.35
12 12.3 14.375
13 12.325 20.475
14 12.35 24.3
15 12.375 28.325
16 13.4 26.35
17 13.45 34.375
18 13.3 34.4
19 13.325 46.45
20 14.35 26.3
21 14.375 36.325
22 14.425 60.35
23 14.45 80.375
24 15.3 20.425
25 15.425 26.45
26 15.35 54.3
27 16.375 32.425
28 16.4 40.35
29 17.425 32.375
30 17.45 40.4
31 17.475 50.425
32 18.3 42.45
33 18.3 56.475
34 18.35 76.3
35 18.35 84.3
36 19.375 36.35
37 19.475 46.35
38 19.3 68.375
39 20.325 32.475
40 20.35 48.3
41 20.375 52.325
42 20.4 56.35
43 20.45 64.375
44 22.3 66.4
45 23.325 54.45
46 24.35 70.3
47 24.375 92.325
48 24.425 93.35
49 24.45 120.375
50 25.3 85.425
