speed dist
1 6.25 4.55
2 6.4 12.1
3 9.55 6.25
4 9.7 24.4
5 10.85 18.55
6 10.8 12.7
7 11.8 20.85
8 12.1 27.8
9 12.1 35.8
10 13.25 19.1
11 13.85 30.1
12 13.8 16.25
13 13.95 22.85
14 14.1 25.8
15 14.25 29.95
16 15.4 28.1
17 15.7 36.25
18 14.8 36.4
19 14.95 48.7
20 16.1 27.8
21 16.25 37.95
22 16.55 62.1
23 16.7 82.25
24 16.8 22.55
25 17.55 28.7
26 17.1 55.8
27 18.25 34.55
28 18.4 42.1
29 19.55 34.25
30 19.7 42.4
31 19.85 52.55
32 19.8 44.7
33 19.8 58.85
34 20.1 77.8
35 20.1 85.8
36 21.25 38.1
37 21.85 48.1
38 20.8 70.25
39 21.95 34.85
40 22.1 49.8
41 22.25 53.95
42 22.4 58.1
43 22.7 66.25
44 23.8 68.4
45 24.95 56.7
46 26.1 71.8
47 26.25 93.95
48 26.55 95.1
49 26.7 122.25
50 26.8 87.55
