time status
1 30 1
2 25 1
3 46 1
4 92 1
5 8 1
6 4 1
7 151 1
8 2 1
9 57 0
10 136 1
11 2 1
12 108 1
13 10 1
14 14 1
15 18 1
16 43 1
17 34 1
18 67 1
19 16 1
20 62 1
21 129 1
22 116 0
23 25 1
24 88 1
25 115 1
26 75 1
27 55 1
28 25 1
29 206 0
30 7 1
31 118 1
32 2 1
33 26 1
34 164 1
35 101 0
36 27 1
37 60 1
38 2 1
39 125 1
40 18 1
41 98 1
42 98 1
43 77 1
44 37 1
45 85 1
46 136 1
47 196 1
48 3 1
49 159 0
50 158 0
51 90 1
52 139 1
53 4 1
54 5 1
55 94 1
56 44 1
57 84 1
58 321 1
59 147 1
60 13 1
61 76 1
62 12 1
63 140 1
64 264 0
65 3 1
66 113 1
67 144 1
68 49 1
69 8 1
70 24 1
71 99 1
72 50 1
73 76 1
74 66 1
75 77 1
76 98 1
77 3 1
78 22 1
79 33 1
80 68 1
81 21 1
82 65 1
83 233 1
84 78 1
85 116 1
86 66 1
87 29 1
88 55 1
89 1 1
90 168 0
91 46 1
92 58 1
93 49 1
94 80 1
95 77 1
96 213 0
97 3 1
98 46 1
99 114 1
100 67 1
101 17 1
102 112 1
103 103 1
104 114 1
105 1 1
106 35 1
107 141 1
108 43 1
109 85 1
110 202 1
111 21 1
112 81 0
113 76 0
114 58 1
115 3 1
116 6 1
117 167 1
118 116 1
119 120 1
120 21 1
121 108 1
122 53 1
123 9 1
124 82 1
125 52 0
126 57 1
127 60 1
128 61 1
129 1 1
130 115 1
131 73 1
132 12 1
133 10 1
134 9 1
135 108 1
136 112 0
137 41 1
138 32 1
139 8 1
140 103 0
141 249 0
142 46 1
143 69 1
144 73 1
145 24 1
146 236 0
147 189 1
148 121 1
149 103 1
150 92 1
151 147 0
152 140 0
153 213 0
154 85 0
155 39 1
156 85 1
157 39 1
158 17 1
159 154 0
160 212 1
161 146 0
162 186 0
163 260 1
164 187 0
165 85 1
167 172 1
168 89 1
169 74 1
170 213 1
171 28 1
172 68 1
173 53 1
174 52 1
175 52 1
176 187 1
177 90 1
178 185 0
179 48 1
180 107 1
181 223 0
182 145 1
183 3 1
184 272 1
185 40 1
186 104 1
187 173 1
188 228 1
189 71 1
190 101 1
191 258 1
192 126 1
193 59 1
194 89 0
195 171 1
196 191 0
197 98 1
198 53 1
199 208 0
200 82 1
201 93 0
202 118 1
203 109 1
204 72 1
205 7 1
206 11 1
207 70 1
208 122 1
209 206 1
210 140 1
212 80 0
213 19 1
214 143 1
215 157 1
216 217 0
217 71 1
218 107 1
219 106 1
220 100 1
221 30 1
222 111 1
223 86 1
224 83 0
225 270 0
226 242 0
227 228 0
228 158 0
229 54 1
230 58 0
231 122 1
232 78 1
233 48 1
234 261 0
235 175 1
236 111 1
237 146 0
238 42 1
239 254 0
240 107 1
241 103 1
242 222 1
243 62 1
244 220 0
245 1 1
247 36 1
248 87 1
249 9 1
250 110 0
251 265 1
252 4 1
253 109 1
254 49 1
255 89 0
256 110 1
257 1 1
258 201 1
259 48 1
260 77 1
261 229 0
262 5 1
263 207 0
264 4 1
265 38 1
266 73 1
267 70 1
268 104 1
269 126 1
270 2 1
271 89 0
272 192 0
273 40 1
274 90 1
275 171 1
276 46 1
277 95 1
278 135 1
279 147 0
280 191 0
281 88 1
282 131 0
283 47 1
284 256 1
285 44 1
286 69 1
287 59 0
288 42 1
289 29 1
290 42 1
291 99 1
292 144 0
293 100 1
294 172 1
295 247 1
296 13 1
297 2 1
298 15 1
299 167 1
300 6 1
301 1 1
302 213 0
303 174 1
304 182 1
305 225 0
306 38 1
307 147 0
308 107 1
309 84 1
310 136 1
311 57 1
313 350 0
314 28 1
315 124 1
316 133 1
317 2 1
318 179 0
319 158 0
320 175 1
321 223 1
322 125 0
323 139 1
324 111 0
325 1 1
326 20 1
327 4 1
328 128 1
329 107 0
330 62 1
331 20 1
332 315 1
333 196 0
334 130 1
335 213 0
336 5 1
337 192 1
338 203 0
339 22 1
340 71 1
341 31 1
342 182 0
343 99 1
344 74 1
345 161 1
346 148 1
347 170 0
348 68 0
349 133 1
350 152 1
351 17 1
352 93 1
353 54 1
354 1 1
355 98 1
356 64 1
357 199 0
358 69 0
359 44 1
360 145 1
361 3 1
362 163 1
363 104 0
364 72 0
365 79 1
366 167 0
367 191 0
368 77 1
369 394 0
370 152 1
371 50 1
372 158 1
373 285 0
374 42 1
375 107 1
376 127 0
377 97 1
378 19 1
379 32 1
380 17 1
381 91 0
382 111 0
383 147 1
384 65 1
385 214 1
386 70 1
387 1 1
388 1 0
389 205 0
390 59 0
391 52 0
392 107 1
393 93 1
394 1 1
395 44 1
396 141 1
397 185 0
398 32 1
399 91 1
400 34 1
401 77 0
402 11 1
403 43 1
404 15 1
405 89 1
406 146 1
407 98 1
408 52 1
409 49 1
410 68 0
411 170 1
412 79 1
413 78 1
414 149 1
415 71 1
416 196 1
417 184 1
418 175 0
419 98 0
420 144 1
421 80 0
422 88 1
423 71 1
424 3 1
425 25 1
426 149 1
427 50 1
428 72 0
429 155 1
430 114 1
431 100 1
432 158 0
433 78 1
434 2 1
435 194 0
436 5 1
437 38 1
438 163 0
439 14 1
440 2 1
441 140 1
442 75 1
443 60 0
444 75 1
445 73 1
446 215 0
447 39 1
448 65 1
449 13 1
450 122 1
451 2 1
452 35 1
453 179 1
454 121 1
455 102 1
456 10 1
457 114 0
458 124 1
459 84 0
460 27 1
461 94 0
462 129 1
463 73 1
464 171 0
465 8 1
466 129 1
467 252 1
468 165 1
469 169 1
470 59 0
471 9 1
472 20 1
473 22 1
474 171 1
475 299 0
476 30 1
477 128 0
478 61 1
479 90 0
480 232 0
481 75 1
482 109 0
483 201 0
484 160 0
485 189 1
486 139 1
487 126 1
488 76 1
489 155 0
490 22 1
491 138 0
492 87 1
493 356 1
494 76 1
495 228 1
496 116 0
497 328 0
498 94 0
499 87 1
500 86 0
501 45 1
502 74 1
503 63 1
504 6 1
505 28 1
506 424 1
507 81 1
508 6 1
509 4 1
510 65 0
511 63 1
512 98 1
513 133 0
514 64 1
515 8 1
516 15 1
517 20 1
518 191 0
519 64 1
520 4 1
521 226 0
522 173 0
523 1 1
524 312 0
525 45 1
526 37 1
527 55 1
528 208 1
529 29 1
530 27 1
531 27 1
532 122 0
533 58 1
534 140 1
535 28 1
536 52 1
537 155 1
538 77 1
539 139 1
540 11 1
541 34 1
542 185 1
543 1 1
544 183 0
545 272 0
546 102 1
547 50 1
548 11 1
549 155 1
550 116 0
551 85 1
552 39 1
553 103 0
554 186 0
555 28 1
556 60 0
557 99 0
558 2 1
559 111 1
560 3 1
561 114 0
562 10 1
563 257 1
564 140 1
565 40 1
566 244 0
567 184 0
568 35 1
569 77 1
570 11 1
571 1 1
572 49 1
573 132 0
574 207 0
575 150 1
576 35 1
577 227 0
578 265 1
579 122 0
580 2 1
581 91 1
582 91 1
583 314 1
584 42 1
585 117 1
586 100 1
587 37 1
588 70 1
589 126 1
590 112 1
591 20 1
592 105 1
593 133 1
594 181 0
595 87 0
596 1 1
597 102 1
598 2 1
599 137 0
600 193 1
601 169 1
602 81 1
603 91 0
604 122 1
605 81 1
606 114 1
607 222 0
608 130 1
609 88 1
610 4 1
611 104 1
612 12 1
613 152 0
614 48 1
615 128 1
616 133 0
617 84 1
618 52 1
620 235 1
621 74 0
622 53 0
623 211 0
624 107 0
625 191 1
626 179 0
627 48 1
628 195 0
629 160 0
630 286 0
631 191 1
632 103 0
633 157 1
634 61 1
635 25 1
636 158 1
637 1 1
638 224 0
639 173 1
640 2 1
641 1 1
642 23 1
643 59 1
644 13 1
645 165 1
646 142 0
647 137 1
648 56 0
649 170 1
650 50 1
651 135 1
652 260 1
653 176 1
654 32 1
655 175 0
656 22 1
657 113 1
658 96 0
659 287 1
660 24 1
661 176 1
662 94 1
663 101 1
664 43 1
665 1 1
666 151 1
667 61 0
668 12 1
669 169 0
670 20 1
671 43 1
672 66 0
673 96 1
674 3 1
675 4 1
676 47 1
677 63 0
678 116 1
679 103 0
680 54 1
681 175 0
682 19 1
683 71 1
684 213 0
685 97 1
686 106 0
687 166 0
688 28 0
689 100 0
690 84 1
691 45 1
692 139 0
693 1 1
694 71 0
695 129 0
696 51 1
697 101 0
698 314 0
699 341 0
700 47 0
701 92 1
702 77 0
703 81 1
704 202 0
705 280 0
706 179 1
707 8 1
708 68 1
709 192 0
710 338 0
711 133 1
712 102 1
713 112 0
714 60 1
715 72 0
716 196 0
717 90 0
718 6 1
719 125 0
720 163 0
721 58 0
722 122 0
723 80 0
724 83 1
725 97 1
726 9 1
727 90 0
728 73 1
729 88 1
730 194 0
731 96 1
732 66 1
733 36 1
734 278 1
735 82 0
736 4 1
737 11 1
738 165 0
739 225 0
740 110 1
741 68 0
742 252 0
743 93 1
744 1 1
745 12 1
746 97 0
747 151 1
748 1 1
749 122 1
750 56 1
751 216 0
752 66 1
753 85 1
754 114 0
755 193 0
756 69 0
757 81 0
758 200 0
759 35 1
760 109 1
761 105 1
762 70 1
763 8 1
764 120 1
765 24 1
766 200 0
767 97 1
768 10 1
769 90 0
770 93 0
771 32 1
772 168 0
773 95 1
774 289 0
775 76 1
776 7 1
777 82 0
778 180 0
779 92 0
780 39 1
781 27 1
782 31 1
783 162 1
784 97 1
785 53 1
786 149 0
787 2 1
788 132 0
789 1 1
790 32 1
791 2 1
792 28 1
793 265 0
794 314 0
795 46 1
796 56 0
797 82 1
799 220 0
800 7 1
801 73 1
802 6 1
803 134 1
804 82 0
805 225 0
806 135 1
807 54 1
808 139 0
809 27 1
810 124 1
811 177 0
812 42 1
813 53 1
814 38 1
815 64 1
816 178 0
817 164 0
818 117 0
819 163 0
820 8 1
821 46 1
822 287 0
823 48 1
824 58 1
825 25 1
826 8 1
827 162 1
828 80 0
829 96 1
830 66 1
831 2 1
832 41 1
833 101 1
834 18 1
835 100 0
836 177 0
837 96 1
838 1 1
839 72 0
840 32 1
841 124 1
842 37 1
843 27 1
844 167 0
845 210 0
846 7 1
847 69 1
848 206 0
849 195 0
850 146 1
851 198 0
852 2 1
853 52 1
854 1 1
855 43 1
856 185 0
857 10 1
858 1 1
859 80 0
860 80 1
861 22 1
862 376 0
863 240 0
864 117 1
865 6 1
866 227 0
867 43 1
868 21 1
869 145 0
870 158 1
871 145 0
872 177 0
873 58 1
874 94 1
875 175 0
876 33 1
877 136 1
878 112 1
879 190 0
880 19 1
881 68 0
882 75 1
883 85 1
884 2 1
885 101 0
886 31 1
887 153 1
888 5 1
889 46 1
890 56 0
891 48 1
892 93 1
893 54 1
894 123 1
895 99 0
896 71 1
897 136 1
898 63 1
900 53 1
901 17 1
902 29 1
903 80 0
904 57 1
905 110 1
906 79 0
907 189 0
908 137 1
909 49 1
910 1 1
911 31 1
912 160 0
913 72 1
914 17 1
915 93 0
917 9 1
918 81 1
919 98 0
920 90 0
921 111 0
922 80 1
923 60 1
924 8 1
925 209 0
926 18 1
927 150 0
928 92 1
929 210 0
930 222 0
931 147 1
932 1 1
933 64 0
934 22 1
935 136 1
936 134 1
937 64 0
938 97 0
939 178 1
940 126 0
941 12 1
942 176 0
943 94 0
944 127 1
945 99 1
946 112 0
947 46 1
948 84 1
949 1 1
950 250 0
951 167 0
952 87 0
953 7 1
954 61 1
955 135 0
956 97 1
957 1 1
958 1 1
959 106 1
960 196 0
961 1 1
962 93 1
963 106 0
964 148 0
965 4 1
966 158 1
967 178 1
968 37 1
969 294 0
970 33 1
971 16 1
972 250 1
973 211 0
975 136 0
976 1 1
977 60 0
978 73 0
979 70 0
980 114 0
981 9 1
982 220 1
983 185 0
984 1 1
985 71 1
986 201 1
987 77 1
988 150 0
989 17 1
990 103 1
991 76 1
992 154 1
993 173 1
994 216 1
995 66 1
996 282 1
997 104 0
998 47 1
999 36 1
1000 116 1
1001 69 1
1002 48 1
1003 82 1
1004 301 0
1005 59 0
1006 8 1
1007 50 1
1008 220 0
1009 68 1
1010 148 0
1011 172 0
1012 22 1
1013 128 1
1014 134 0
1015 97 0
1016 20 1
1017 64 0
1018 48 1
1019 30 1
1020 158 1
1021 58 0
1022 125 1
1023 242 0
1024 44 1
1025 52 0
1026 5 1
1027 158 1
1028 65 1
1029 222 1
1030 280 0
1031 66 1
1032 110 1
1033 139 0
1034 86 0
1035 102 0
1036 166 1
1037 16 1
1038 188 0
1039 81 1
1040 4 1
1041 209 0
1042 8 1
1043 5 1
1044 10 0
1045 107 1
1046 36 1
1047 59 1
1048 71 0
1049 191 1
1050 46 1
1051 24 1
1052 284 0
1053 49 1
1054 3 1
1055 184 0
1056 103 0
1057 2 1
1058 3 1
1059 228 1
1060 208 1
1061 57 1
1062 2 1
1063 31 1
1064 87 1
1066 94 1
1067 89 1
1068 1 1
1069 63 1
1070 67 1
1071 146 1
1072 52 1
1073 69 1
1074 110 1
1075 15 1
1076 30 1
1077 26 1
1078 61 1
1079 195 0
1080 44 1
1081 3 1
1082 153 1
1083 73 1
1084 255 1
1085 5 1
1086 46 1
1087 158 0
1088 34 1
1089 240 1
1090 106 1
1091 34 1
1092 242 0
1093 42 1
1094 86 1
1095 65 1
1096 56 1
1097 103 1
1098 74 1
1099 90 0
1100 94 1
1101 33 1
1102 93 1
1103 258 0
1104 8 1
1105 201 0
1106 232 0
1107 254 0
1108 139 1
1109 87 1
1110 156 0
1111 2 1
1112 138 1
1113 4 1
1114 93 0
1115 55 1
1116 76 1
1117 187 0
1118 94 1
1119 164 0
1120 15 1
1121 91 1
1122 45 1
1123 76 0
1124 168 1
1125 38 1
1126 79 0
1127 49 1
1128 25 1
1129 259 0
1130 250 0
1131 4 1
1132 64 1
1133 11 1
1134 116 1
1135 4 1
1136 118 0
1137 99 1
1138 153 0
1139 29 1
1140 243 0
1141 50 1
1142 34 1
1143 79 1
1144 64 1
1145 20 1
1146 119 0
1147 156 1
1148 63 1
1149 99 1
1150 125 1
1151 243 0
1152 166 1
1153 24 1
1154 1 1
1155 98 0
1156 108 0
1157 215 1
1158 87 0
1159 119 1
1160 115 1
1161 179 1
1162 144 1
1163 30 1
1164 35 1
1165 3 1
1166 29 1
1167 42 1
1168 66 1
1169 82 0
1170 143 0
1171 44 1
1172 70 0
1173 71 1
1174 66 1
1175 76 1
1176 18 1
1177 226 0
1178 35 1
1179 215 0
1180 20 1
1181 97 1
1182 227 0
1183 23 1
1184 60 1
1185 10 1
1186 3 1
1187 45 1
1188 1 1
1189 99 1
1190 9 1
1191 129 0
1192 5 1
1193 183 1
1194 110 1
1195 11 1
1196 186 0
1197 64 1
1199 1 1
1200 61 1
1201 124 0
1202 62 0
1203 30 1
1204 145 1
1205 208 0
1206 140 0
1207 163 0
1208 26 1
1209 2 1
1210 180 1
1211 30 1
1212 81 0
1213 134 1
1214 4 1
1215 74 0
1216 53 0
1217 100 0
1218 138 1
1219 217 0
1220 156 1
1221 200 0
1222 198 0
1223 78 1
1224 194 0
1225 129 1
1226 2 1
1227 16 1
1228 107 1
1229 66 0
1231 1 1
1232 69 0
1233 70 0
1234 63 1
1235 13 1
1236 10 1
1237 2 1
1238 46 1
1239 91 0
1240 117 0
1241 174 0
1242 96 1
1243 129 0
1244 24 1
1245 1 1
1246 50 1
1247 39 1
1248 10 1
1249 195 0
1250 1 1
1251 16 1
1252 46 1
1253 59 1
1254 70 1
1255 113 1
1256 103 1
1257 2 1
1258 103 1
1259 5 1
1260 137 1
1261 135 1
1262 67 1
1263 121 1
1264 2 1
1265 71 1
1266 137 1
1267 191 0
1268 190 0
1269 101 0
1270 163 0
1271 98 0
1272 11 1
1273 69 1
1274 86 0
1275 184 0
1276 1 1
1277 144 0
1278 111 1
1279 121 1
1280 117 1
1281 106 1
1282 169 0
1283 53 1
1284 54 1
1285 61 1
1286 165 0
1287 159 0
1288 97 1
1289 147 1
1290 122 0
1291 160 0
1292 1 1
1293 168 0
1294 46 1
1295 6 1
1296 40 1
1297 93 0
1298 15 1
1299 167 0
1300 93 1
1301 103 0
1302 145 1
1303 90 0
1304 1 1
1305 24 1
1306 101 0
1307 22 1
1308 77 1
1309 148 0
1310 115 1
1311 132 0
1312 64 1
1313 135 1
1314 83 1
1316 144 0
1317 156 0
1318 80 1
1319 134 0
1320 62 1
1321 27 1
1322 9 1
1323 10 1
1324 146 0
1325 32 1
1326 129 0
1327 128 0
1328 36 1
1329 138 0
1330 61 0
1331 84 1
1332 18 1
1333 26 1
1334 71 1
1335 111 0
1336 80 0
1337 121 0
1338 38 1
1339 57 0
1340 46 1
1341 98 0
1342 94 0
1343 37 1
1344 84 1
1345 109 0
1346 107 0
1347 79 0
1348 110 1
1349 76 0
1350 55 1
1351 26 1
1352 105 0
1353 104 0
1354 62 0
1355 56 1
1356 14 1
1357 96 0
1358 59 0
1359 28 1
1360 92 0
1361 85 0
1362 78 0
1363 93 1
1364 44 0
1365 49 1
1366 67 1
1367 53 1
1368 74 0
1369 59 0
1370 83 0
1371 31 1
1372 73 0
1373 2 1
1374 40 1
1375 22 1
1376 41 1
1377 67 1
1378 59 0
1379 48 0
1380 22 1
1381 35 0
1382 31 1
1383 61 0
1384 6 1
