x
1 0.861235644904931
2 0.657916012323383
3 1.68899089843721
4 -0.337944607924317
5 1.44383924992057
6 1.00894222586204
7 1.41928191907606
8 0.976798899831369
9 0.609362156375624
10 1.0258269100373
11 1.02935971590045
12 1.28918304887964
13 1.19950539895176
14 0.429701277927105
15 0.718959942323185
16 0.838634919957695
17 1.61184487024077
18 0.716234859552005
19 0.393440642216019
20 0.0521087068215067
21 0.231647983802628
22 0.231458360917302
23 0.95326236687088
24 0.131511059829008
25 1.62056821760318
26 0.217744345717344
27 1.31218265267415
28 0.838932968300966
29 -0.0370173880085987
30 1.19118510351713
31 0.203177944859323
32 0.740891309520248
33 0.35990261227637
34 0.565672545547248
35 0.128002973772933
36 0.922857103959141
37 0.640691332905767
38 1.10645988514504
39 1.07341586539073
40 1.07700282839384
41 1.21297409601399
42 0.626291209978947
43 1.034965526889
44 0.910601523901803
45 0.704009748926754
46 0.107925849537197
47 -0.132317405742413
48 1.01790167829111
49 0.0114049640035527
50 0.505595544878531
51 0.448950846012102
52 0.67680953234101
53 0.152806343376602
54 0.447382438088247
55 0.964543319774032
56 0.853821755574545
57 0.293336447445693
58 -0.0842561236599044
59 0.919324871264212
60 0.349625580685521
61 0.286633387224771
62 0.504678495732225
63 0.213934094438191
64 0.228553073251648
65 1.38918007082187
66 -0.0842561236599044
67 -0.0523436309183758
68 0.0158480711104212
69 0.824845823135867
70 0.287125458395417
71 0.245920890648665
72 0.123635827353545
73 -0.501775088498342
74 0.812605010354407
75 1.52794983616306
76 2.22668974572413
77 1.74384308796962
78 1.5408184271932
79 1.91667295909084
80 0.299216961235413
81 2.19444439027086
82 -0.140215542525995
83 0.459158334678305
84 0.775304524239672
85 0.631002624818451
86 0.455674556900112
87 1.30738899069621
88 0.651767144794852
89 -0.0920355206340351
90 -0.623674082382187
91 -0.198350704454637
92 0.125300070778732
93 0.637760589181554
94 0.217744345717344
95 0.35990261227637
96 -0.541251047773004
97 0.91100100751395
98 0.775304524239672
99 0.0127858897627351
100 0.281113943364693
101 0.106050502693735
102 1.16349682380525
103 0.958363087070518
104 0.255415146670193
105 -0.159513646001783
106 0.609240554908225
107 0.106962416438895
108 0.209156965927942
109 0.503192758834272
110 -0.897808196945709
111 0.672182775290557
112 -0.0159518957103018
113 0.430613191672264
114 0.865383075391983
115 0.403847157930564
116 1.077914742139
117 -0.0263178281717491
118 -0.145822985835571
119 1.21652553940656
120 0.0106144618566435
121 0.455161835062378
122 0.878949534269367
123 -0.409924521887137
124 -0.0605520134332003
125 1.14556360307953
126 1.45874282998649
127 0.199681400640245
128 0.296954376955574
129 0.997206912525074
130 -0.739432906602106
131 0.132023781666743
132 1.04058529900073
133 0.0362518370430007
134 1.25127576691789
135 -0.0702407215205163
136 0.577060828946222
137 0.961933281460026
138 0.683553387509739
139 -0.847316498346563
140 0.868915308086913
141 -0.487309251900776
142 0.371583048791667
143 1.05183316536737
144 0.231519419098002
145 0.808205762777862
146 -0.0142938326909476
147 -0.757018231261917
148 0.501356963163769
149 0.112800873542518
150 0.556834437756558
151 -0.145977316506264
152 -0.68625183312593
153 0.26787589031042
154 -0.361744499995176
155 0.451653749006303
156 0.997206912525074
157 0.772109550074825
158 1.54108939491084
159 -0.79312453630231
160 -0.140215542525995
161 -0.146833874403647
162 0.52674620031117
163 -0.61967758276626
164 0.285711381142255
165 0.856659728029575
166 -0.562911611823705
167 0.322729599927807
168 0.135128989338889
169 -0.429557204749396
170 0.555298759035998
171 0.0834497777464991
172 0.237377028579603
173 0.712332123902084
174 0.850396975544539
175 0.0521087068215067
176 0.230849506759085
177 0.300613872237389
178 0.313806453867326
179 -0.249589597332664
180 -0.0237880887124748
181 0.172914165179802
182 0.490393444648116
183 -1.38193077634032
184 0.555266029832703
185 0.274626261159203
186 0.581086770288342
187 -1.22054192303277
188 0.22742048055104
189 0.428316001167238
190 -1.40431978172866
191 -0.071631754701456
192 0.759459823202158
193 0.759459823202158
194 -0.400815256489371
195 0.731962456827421
196 0.346303542240845
197 0.646380375161177
198 -0.233457142318141
199 1.29736950352127
200 -0.163658476667406
201 -0.506889495906147
202 -0.0886812588622852
203 -0.0837434018221708
204 -0.198842775625283
205 0.457788953802792
206 -0.204678405925796
207 -0.0303143277876763
208 -0.38420278866657
209 0.0413525572426376
210 -0.196564850606741
211 1.19163679098708
212 -0.429222625362924
213 -0.0425368318686759
214 0.151981066250641
215 0.0983426304592716
216 0.209156965927942
217 0.239394651573465
218 1.22473946792377
219 0.556997510462952
220 0.172914165179802
221 0.867534328283765
222 0.0713582749065038
223 -0.29024038849192
224 -0.468059683815778
225 -1.54510974741245
226 -0.0303143277876763
227 -0.344381248429066
228 -0.243454392536175
229 -0.144408908582409
230 0.393440642216019
231 -1.17102833176063
232 -0.228040167795081
233 -0.515277768799997
234 -0.0877642097159792
235 0.159992298565963
236 0.0689333090852657
237 -1.58572541335071
238 0.794833105392476
239 0.788595528952645
240 -0.68112396431049
241 0.995833550523927
242 -0.985246158391056
243 0.166100068607647
244 0.29459020418496
245 0.599206328725772
246 1.0194740695185
247 0.5571345547065
248 -0.452544707465617
249 1.21297409601399
250 -0.628099217584567
251 0.839575080854229
252 -0.995386139698065
253 -0.0298016059499422
254 -0.296310289588019
255 -0.429936202023974
256 1.5408184271932
257 0.209156965927942
258 -0.574157421712339
259 0.803117415769493
260 0.0165894862437015
261 -0.459221576025088
262 0.933012931608993
263 0.476457118609972
264 -0.196564850606741
265 0.826843534067641
266 0.388207032962241
267 1.0956311438427
268 0.447225544406215
269 0.0521087068215067
270 0.502400570713684
271 0.0801963826971948
272 -0.0698936915825303
273 0.765799604067839
274 -0.24020099748687
275 -0.252292500326865
276 -0.582270977031393
277 -0.375280829490696
278 0.651767144794852
279 0.442939330981378
280 0.695233824025037
281 -0.707252868652898
282 0.734653733080416
283 0.123574769172846
284 -0.641454976335478
285 0.321817686182648
286 0.867534328283765
287 -0.663387333315408
288 1.32505124370428
289 0.131511059829008
290 0.491095293935401
291 -0.0912941055007552
292 -0.718933305168195
293 0.915177440777158
294 0.771774628454897
295 0.334739552796487
296 -0.793278866973002
297 1.00185721857636
298 0.726124571162786
299 -0.296405377638937
300 0.447382438088247
301 -0.281981963667309
302 -0.242463581766709
303 -0.51579049063773
304 -0.807149775854993
305 0.266490613550553
306 0.03764287022394
307 1.18129945713518
308 -0.481010568521941
309 -0.528329181159165
310 0.577069531763768
311 0.0917978088957883
312 0.0236274680845519
313 0.37772013109144
314 0.0241401899222864
315 0.232691591352542
316 -0.609311650304812
317 -0.51579049063773
318 -0.171366348901869
319 -0.0362251998880101
320 0.296954376955574
321 -0.341340734062597
322 0.696498393170181
323 0.663182350780454
324 0.189449355317164
325 0.145526461968396
326 -0.304448442351198
327 0.179541983600903
328 -0.793246137769708
329 0.10147458581838
330 -0.857449602870305
331 -1.73598178927735
332 1.70291478252753
333 0.198077224659686
334 -0.577511683484089
335 0.22685596105203
336 0.220232777817027
337 0.376671395800036
338 -0.214169018535061
339 -0.321339033618468
340 -0.330260992794341
341 0.382058165433711
342 -0.330260992794341
343 -1.28875652680222
344 -0.0303143277876763
345 0.106962416438895
346 0.611076350578729
347 0.760102424009257
348 -0.787517092992734
349 0.515282193067597
350 0.765799604067839
351 -0.217600272539634
352 0.179541983600903
353 -0.55169094302845
354 0.583515433228467
355 0.534673005553497
356 0.172914165179802
357 0.011088777563117
358 -0.108804767050018
359 -0.123969374593125
360 0.361302348274855
361 -0.156206256531338
362 -0.503166121679282
363 -0.401380659818073
364 1.16040168101727
365 -0.744096364648078
366 0.110649994332244
367 0.234969516371084
368 0.161867645409425
369 -0.411414984949349
370 1.13509205475312
371 0.761031716342457
372 0.256402357505081
373 0.361302348274855
374 0.88078532993987
375 0.533997906668445
376 0.726124571162786
377 -0.0921924143160675
378 -0.00600952231393048
379 0.642556597297954
380 1.25344719482398
381 -0.516765191714806
382 0.177827789397799
383 -0.577511683484089
384 1.16040168101727
385 -0.156908105818623
386 -1.27046291101119
387 0.0272453975944322
388 0.26787589031042
389 1.33595565817612
390 0.307698879523068
391 1.05239052047029
392 0.5571345547065
393 0.239394651573465
394 0.177516565045074
395 1.55506510191351
396 1.10481072289672
397 -0.333191736518553
398 0.933012931608993
399 1.24342770764904
400 -0.0298016059499422
401 0.550032420578926
402 0.257435995054973
403 0.556834437756558
404 0.848774901264704
405 0.335055739236922
406 -0.63161037303835
407 0.469177237201766
408 -0.664991509295966
409 0.0539840536649692
410 -0.26479169756308
411 0.03764287022394
412 -0.200076006060524
413 -0.896891147799402
414 -0.483499000621624
415 -0.198187631748242
416 -0.519298576693805
417 -0.0538995380794876
418 -0.400629474101578
419 -0.624648783459262
420 0.0241401899222864
421 -0.182835728104476
422 0.184478154624161
423 0.287125458395417
424 -1.38507021364366
425 -0.321339033618468
426 -0.387133532390782
427 0.259864657995098
428 -0.761795359772168
429 0.341367371217588
430 -0.771475365041938
431 -1.22465890328014
432 1.24557858685931
433 -0.248099134270452
434 0.220684465286975
435 -1.27891192350509
436 0.490393444648116
437 -0.298769550409551
438 1.17770046494894
439 -0.0519646336437982
440 1.72707025637627
441 0.999662429262959
442 -1.43950408068653
443 0.472886924220464
444 0.780066367035013
445 -0.0557748849229496
446 -1.84356202094094
447 0.0915933689137134
448 -0.353452381183312
449 0.448458774841456
450 0.803117415769493
451 0.51800462566619
452 0.544335240520344
453 0.651576231457702
454 0.221613757620175
455 -0.233457142318141
456 0.502400570713684
457 0.0716583918564462
458 0.954662102869365
459 0.401220039190149
460 -0.407906898893274
461 1.2666361105134
462 -0.0379393940911146
463 -2.1737576177378
464 -0.0605520134332003
465 0.325965116669702
466 -0.333191736518553
467 1.42998309157588
468 0.603431159911174
469 0.00231434143633225
470 -0.125573550573684
471 -0.84386640107348
472 0.598277036392572
473 -0.339949700881657
474 -0.366187607102045
475 -0.186259201614642
476 -0.914698788212978
477 0.521727999893054
478 -0.523726781293893
479 -0.76472610349638
480 -1.42918309095573
481 -0.150736610053567
482 -0.548958920007467
483 0.652218832264801
484 -0.300998008225893
485 0.471182330159107
486 0.879658220199353
487 0.0698225961859431
488 -0.293202632462564
489 -0.609445537443179
490 0.69483434041289
491 -0.614370095082302
492 -0.0298016059499422
493 -1.41678052536888
494 0.138602702232911
495 0.339653177014483
496 -0.198350704454637
497 0.274174573689254
498 -0.0244338139979572
499 -0.307648373452256
500 0.441605772294488
501 0.433511529206256
502 -1.05520844936001
503 -0.0323319507815389
504 0.35273864126768
505 0.32369303302611
506 -0.306234296199094
507 0.354369885721824
508 -0.457344512095395
509 -0.569219564672224
510 1.09471671775828
511 0.458874852623176
512 0.231486068541356
513 -0.901319352399491
514 -0.469628091739633
515 0.402473795929416
516 0.282494869123876
517 -0.846144326092022
518 -0.755142884418455
519 0.288911312243313
520 -1.73567842919649
521 0.393473371419313
522 0.0983426304592716
523 -0.031289028864752
524 0.288911312243313
525 0.0775692639567804
526 0.379569733334028
527 0.927624991684524
528 -0.667832959597517
529 0.550822922725834
530 -0.312245811229817
531 0.209156965927942
532 0.814044219881485
533 -0.171669708982729
534 0.502271389248186
535 -0.869078256269582
536 -0.0252316923093776
537 -0.144408908582409
538 -0.30795959780498
539 0.286298465604843
540 0.0696940314813173
541 -0.144108791632467
542 -0.29602680753289
543 0.550032420578926
544 1.15765893814061
545 1.03550858342898
546 -0.809084680290683
547 -0.177777283326987
548 0.581086770288342
549 -0.51217256112785
550 -0.710784307624152
551 0.616987222679063
552 0.238419950496389
553 -0.636212772903622
554 0.42678941380904
555 -0.469473761068941
556 -0.129296924800549
557 -0.68112396431049
558 0.0169244078636299
559 -0.668714883522832
560 0.044097474506184
561 -0.636212772903622
562 -0.139172620609208
563 -0.195647801460435
564 0.976798899831369
565 -0.959547361696556
566 0.853821755574545
567 -0.175132009472745
568 0.0901936329152284
569 0.177516565045074
570 -0.725677160336924
571 0.237377028579603
572 0.379569733334028
573 -1.00889171979122
574 -0.245568789438856
575 -0.573240372566034
576 -0.0802596240439772
577 -0.183238720672777
578 -0.0142938326909476
579 0.189449355317164
580 0.181027720498856
581 -0.404288969383394
582 0.549489364038945
583 0.410121033921733
584 0.164139729053017
585 -0.0967948141813393
586 0.819741399940067
587 -0.122177424435404
588 1.18676794015932
589 0.109860753972887
590 -0.366187607102045
591 -0.575643158610293
592 -0.538485170257315
593 0.33949884634379
594 0.0983426304592716
595 -0.469628091739633
596 -0.522001479688007
597 -0.64913463951746
598 -0.0877642097159792
599 -0.361901393677209
600 1.19099419017998
601 0.118972369307573
602 0.191631417834227
603 -0.139172620609208
604 0.215809441281654
605 0.189957038371344
606 -0.132019357399142
607 0.339403010842459
608 0.209757661174983
609 0.274626261159203
610 0.0780819857945141
611 -0.034739462990057
612 -0.750267860413134
613 -0.725031435051442
614 0.927624991684524
615 -1.26207463811734
616 -0.167834909930615
617 0.3256279374618
618 -0.560148431917979
619 -1.50877211946854
620 -0.0365253168379525
621 -0.37851374641116
622 -0.954949923918995
623 -0.393678353954266
624 -0.199764781707799
625 -1.13938793087777
626 0.662383873736911
627 0.221613757620175
628 -0.611049713423738
629 0.448950846012102
630 -0.0323319507815389
631 0.262716536079914
632 -0.199764781707799
633 0.285711381142255
634 -0.0244338139979572
635 0.430613191672264
636 0.0944161065683184
637 0.415582471267524
638 1.29906869526159
639 0.285589779674857
640 0.0530206205666661
641 -1.49896532041884
642 -0.275718501675072
643 -0.755142884418455
644 0.513100130550534
645 -1.54017189037233
646 0.188079974441651
647 -0.954949923918995
648 -0.135570800791718
649 -0.447620149826495
650 -0.246081511276589
651 1.21716765195983
652 -0.174098371922853
653 -0.319185180905257
654 -0.457852195149575
655 1.52098474627903
656 -0.000921175305561572
657 -1.43722615566799
658 -0.520215625840111
659 -1.02291695934391
660 -0.149039497853949
661 0.0329314553844373
662 -0.296405377638937
663 0.00491728179806206
664 -0.630377142603109
665 0.66314962157716
666 0.503192758834272
667 0.0444008345870439
668 -0.0516300542573265
669 0.718959942323185
670 0.874473697959204
671 1.27046733527879
672 0.0815657635727072
673 0.321817686182648
674 -0.447833292626114
675 -0.575943275560235
676 -0.123835487454758
677 0.378525359570565
678 -0.24020099748687
679 -0.242463581766709
680 0.185965577538971
681 -1.14262203468284
682 -1.38477009669372
683 0.243391151189392
684 0.754263966905633
685 0.457788953802792
686 0.302640434745578
687 -0.411414984949349
688 0.584340710354428
689 -0.941146295482566
690 -0.0637861172382723
691 -0.141269471279069
692 0.0815657635727072
693 -0.72265667939506
694 -1.03150433913331
695 -0.611699373971211
696 1.14786003658697
697 -0.566114357000079
698 -1.02291695934391
699 -0.68112396431049
700 -0.966035043902046
701 0.377634828898338
702 -0.123969374593125
703 1.58214217700382
704 -1.44533971098705
705 -1.60684891216329
706 -0.252292500326865
707 -0.151210925760041
708 -0.252292500326865
709 0.293849169283428
710 -0.683826867304691
711 -1.39396979434002
712 -0.447620149826495
713 -0.847316498346563
714 -0.0557748849229496
715 -0.623161360544453
716 1.05470015178988
717 -0.217600272539634
718 -0.517808113631593
719 -0.0162989256482882
720 -1.18512134423517
721 -0.139172620609208
722 0.0444008345870439
723 0.340240261477071
724 0.447415167291541
725 -0.318733493435308
726 -0.221776705802843
727 -0.0323319507815389
728 -0.689299946672691
729 -0.214169018535061
730 -0.663600476115027
731 0.479466640536124
732 0.201473350797966
733 0.0272453975944322
734 -1.47272741419845
735 -0.0634827571574124
736 -0.738260734347566
737 -1.16406674218154
738 -0.636212772903622
739 0.502065649093756
740 0.834008162907242
741 0.140412054560592
742 0.185452855701237
743 0.811441279519756
744 -0.702164521644529
745 0.0588590776702902
746 -0.18561347632916
747 -0.232057406319656
748 0.177673458727106
749 -1.26834851410851
750 -1.05469572752228
751 0.461042348852097
752 -0.420129402974273
753 -1.69598376075155
754 0.1522844263315
755 -0.0362251998880101
756 0.738886216562907
757 0.94435101547323
758 1.19733397104567
759 0.695233824025037
760 1.10864194766211
761 -1.04158237464643
762 -0.242463581766709
763 -0.132317405742413
764 -0.198350704454637
765 -0.620056152872307
766 0.334265237090013
767 -0.0266013102268778
768 -0.345064108289462
769 -0.738595655967494
770 -0.200076006060524
771 -0.0807723961880087
772 -0.0877642097159792
773 -0.72265667939506
774 0.181944769645162
775 0.846982951106983
776 0.875854623718387
777 -1.03748336020193
778 -0.361840335496509
779 1.23524125300741
780 0.106962416438895
781 0.289828361389618
782 -0.290719319848932
783 -0.268542270057202
784 -0.676362121515149
785 0.113730165875718
786 0.44725325203027
787 0.437380941109087
788 -1.00717752558812
789 -0.155978813485424
790 0.893787844444106
791 -0.569219564672224
792 0.203494199182744
793 -1.64406402128442
794 -0.296310289588019
795 0.258017723851395
796 0.454187133985303
797 0.448123853221527
798 -1.11689691300308
799 -1.0729893433133
800 0.0901936329152284
801 1.4125580979946
802 -1.06314474001618
803 0.211022230320128
804 0.861235644904931
805 -0.339949700881657
806 -0.158440230901979
807 0.958772398452822
808 0.638282506226657
809 0.6090509320229
810 -0.797721974079871
811 0.0801963826971948
812 -0.737468546226977
813 -0.620056152872307
814 0.36541264385831
815 -0.980796647066152
816 -1.61594213455195
817 -0.225308144774097
818 0.19435385043282
819 0.771774628454897
820 0.365319586799429
821 -0.303531393204893
822 0.581086770288342
823 -0.26479169756308
824 -0.393544466815899
825 0.371583048791667
826 1.09542540368827
827 -0.26479169756308
828 0.523119033073995
829 -0.459221576025088
830 -0.491485685163985
831 -0.514536733898464
832 1.00140046847091
833 0.793175042373122
834 -0.469473761068941
835 0.0689333090852657
836 0.998197723294541
837 0.394516978969227
838 -0.594280929900072
839 -0.743780178207643
840 0.103138638575671
841 1.37725500036856
842 0.106050502693735
843 -0.445828199668774
844 -0.483877997896202
845 -0.784986748161138
846 0.771980368609326
847 0.611076350578729
848 1.15875251876894
849 0.289828361389618
850 -1.4005095304495
851 -0.266942576773354
852 0.484944442260561
853 -0.271542068411863
854 0.507086007940744
855 0.781439729036162
856 -1.91565006457525
857 -1.10326973144252
858 -0.402026385103555
859 1.56378035970513
860 -0.722253686826758
861 0.327035931948075
862 0.159992298565963
863 0.135507559444936
864 -0.244827754537323
865 -0.715537179029915
866 -0.360176092071322
867 0.239394651573465
868 -0.0909591838808264
869 -2.39112897720727
870 0.184478154624161
871 0.376671395800036
872 -2.52385944199117
873 -0.776195482698987
874 -0.233457142318141
875 -0.0176899588292279
876 0.231458360917302
877 -0.934700488657108
878 0.11136166401544
879 -0.469473761068941
880 -0.44137868834387
881 -0.560428299210074
882 0.333722180550032
883 -0.25291375296301
884 -1.51991124570757
885 0.543883553050395
886 1.10955502793302
887 0.0815657635727072
888 -0.171366348901869
889 -0.683826867304691
890 -0.483877997896202
891 -1.09110890175073
892 0.314109813948185
893 0.793175042373122
894 -0.0901669957602387
895 0.0731441287543992
896 0.836750905783902
897 0.900924746979211
898 -0.658992805976485
899 0.408311681594052
900 -1.33162048894208
901 -0.0842561236599044
902 -0.337944607924317
903 -0.0749521363600194
904 0.893222441115405
905 -2.7066307548966
906 0.749175619897265
907 -0.475404757533392
908 -1.64856820395452
909 0.37990691254193
910 0.976798899831369
911 -0.492086380411026
912 0.562070725729759
913 -1.21905145997056
914 0.357061161974819
915 -0.744096364648078
916 -0.29602680753289
917 -1.93698736960215
918 -0.270630154666703
919 -2.73091220745516
920 0.0696329733006174
921 -0.775716551341974
922 -0.287398938190369
923 -0.840415966948175
924 1.22848137781396
925 1.45655604853601
926 0.317040557672398
927 0.69582329428513
928 -1.494679106994
929 0.766838439273322
930 -0.337118260409508
931 -1.10863752339451
932 -0.027687209047262
933 0.616987222679063
934 -0.591761589640659
935 0.16521054433139
936 0.155215170055713
937 0.145873491906383
938 -1.21652111513896
939 -0.225308144774097
940 -0.358390238223426
941 1.23141432668014
942 -0.540339134027844
943 0.469390380001386
944 -0.383602093419528
945 0.347278243317922
946 0.345260620324059
947 -1.29455466996318
948 0.29733294706162
949 0.471182330159107
950 0.258963303631995
951 -0.00954096128518467
952 -0.980796647066152
953 0.285711381142255
954 -0.9919626661879
955 -0.150736610053567
956 -0.679633501248278
957 0.372847617936813
958 -0.830137278571215
959 -0.034739462990057
960 1.33523827494964
961 -0.698931604724065
962 -0.613891163725289
963 0.191333369490956
964 -0.393891496753886
965 -1.75645179569898
966 -1.08868023881061
967 0.554494073685054
968 -0.0433273340155846
969 -0.987038108548777
970 -0.0298016059499422
971 -1.27875502982306
972 0.58735023228058
973 -1.32693505171502
974 -1.58572541335071
975 0.149236148987094
976 0.431576624770567
977 -0.0494762015441155
978 0.867343414946615
979 -0.994740414412583
980 0.12388599352557
981 0.577407858884209
982 0.302237442177276
983 0.29733294706162
984 0.132023781666743
985 -0.0428530183091111
986 -0.485433905057314
987 -2.07357633185715
988 -0.461848694765502
989 0.393344806714687
990 -0.0901669957602387
991 0.577273971745842
992 0.0696329733006174
993 0.348532000057188
994 -0.146073152007596
995 -0.190055136495991
996 0.900924746979211
997 -0.373126976777484
998 -2.01685678776024
999 -2.24290265962611
1000 0.599206328725772
1001 -1.05469572752228
1002 -0.027687209047262
1003 -0.134201419916206
1004 -0.134484901971335
1005 -0.215724925696172
1006 -1.65447907605486
1007 -0.415815481925382
1008 -1.6426876901648
1009 0.839575080854229
1010 -1.05520844936001
1011 -0.242463581766709
1012 -0.468059683815778
1013 0.626291209978947
1014 -1.06204069104643
1015 1.02720846300867
1016 -0.968185923112321
1017 -0.24020099748687
1018 -0.830137278571215
1019 0.523466063011981
1020 -0.549614920739754
1021 -1.53706668270019
1022 -0.577357352813397
1023 -0.569732286509959
1024 0.501167340278443
1025 0.113730165875718
1026 -0.151210925760041
1027 -0.0142938326909481
1028 -0.782872351258457
1029 -1.46627280991621
1030 -0.0538995380794876
1031 1.62102027875463
1032 -1.3695552372935
1033 -0.195647801460435
1034 0.986671210752552
1035 -0.785499469998872
1036 -0.141706005588208
1037 -0.102264460659109
1038 0.0334103867414499
1039 -0.156908105818623
1040 -0.737468546226977
1041 0.300428089849596
1042 0.29733294706162
1043 -1.18764068449458
1044 0.23588656551739
1045 0.410524026490035
1046 -0.578368241381473
1047 0.23588656551739
1048 -1.12168893575368
1049 0.836467423728774
1050 -0.926551491113065
1051 -0.739466257158752
1052 0.00231174161490166
1053 0.491095293935401
1054 -0.786185103678062
1055 -0.246081511276589
1056 0.646380375161177
1057 -0.0548629711777902
1058 -0.0634827571574124
1059 0.584340710354428
1060 0.016002401781114
1061 -0.595192843645232
1062 -0.461848694765502
1063 -0.609658680242799
1064 1.11648749048605
1065 -0.414739140579695
1066 1.12735766126296
1067 1.31139832733161
1068 0.458779764572259
1069 -1.06774713988145
1070 0.47593520156487
1071 0.313806453867326
1072 -0.793278866973002
1073 -0.91696827203514
1074 -0.455968180975783
1075 0.599206328725772
1076 0.232356669732614
1077 -1.47272741419845
1078 -2.40324062432798
1079 -0.328395728402155
1080 0.134138178569423
1081 -0.988642284529336
1082 -0.987251251348396
1083 0.317641252919439
1084 -1.05469572752228
1085 -0.0428530183091111
1086 0.274626261159203
1087 -0.897808196945709
1088 0.395172122846267
1089 -0.351337984280631
1090 -1.0880096152084
1091 1.0916218072073
1092 0.449250962962044
1093 -2.31752006027738
1094 0.106050502693735
1095 -0.132317405742413
1096 -0.966486731371995
1097 -0.361901393677209
1098 -0.199886383175198
1099 0.209757661174983
1100 -0.222377401049885
1101 -0.825425863731712
1102 -0.215724925696172
1103 -0.144900979753055
1104 0.107925849537197
1105 0.484554987544492
1106 -0.233457142318141
1107 0.164139729053017
1108 -0.568478529770692
1109 -0.609658680242799
1110 -0.588442472796449
1111 -0.398123980236376
1112 0.543692639713246
1113 0.161867645409425
1114 0.479067156923977
1115 -1.32693505171502
1116 -0.602900715879695
1117 0.854049689715569
1118 -0.667832959597517
1119 -1.36484382245399
1120 -0.738260734347566
1121 1.06389249007651
1122 -0.591761589640659
1123 0.246672076365161
1124 -0.61916989971208
1125 1.1201884746872
1126 0.612562087476682
1127 -0.321673613004939
1128 -0.293844745015826
1129 0.490393444648116
1130 -0.955071525386393
1131 -0.380810936916186
1132 0.275328110446488
1133 0.631349654756438
1134 1.70128353807339
1135 0.0713582749065038
1136 -1.18512134423517
1137 -0.0519646336437982
1138 0.340240261477071
1139 -0.68625183312593
1140 -0.133693736862026
1141 -0.86075699234075
1142 0.163423552570537
1143 -0.642384268668677
1144 0.0689333090852657
1145 0.0588590776702902
1146 -0.339602670943671
1147 -0.897808196945709
1148 -0.733575297120506
1149 0.716934523767356
1150 0.678206443342987
1151 -0.210849901690851
1152 -0.459221576025088
1153 -0.323608517440629
1154 -0.537106217107381
1155 1.278681263796
1156 0.26878780405558
1157 0.0755516409629182
1158 0.772901738195413
1159 0.906813567810409
1160 -0.842949351927175
1161 -0.0290605710484102
1162 -0.940798618540355
1163 -0.0362251998880101
1164 -0.361711770791883
1165 0.339531575547084
1166 0.490393444648116
1167 -1.39910153596323
1168 -0.348084589231326
1169 -0.899293933843662
1170 -0.121190213600517
1171 -0.204362219485361
1172 -1.7475508009674
1173 0.756351851515135
1174 0.503192758834272
1175 -0.630377142603109
1176 0.586950748668434
1177 -0.291122312417234
1178 0.0273404856453503
1179 0.995833550523927
1180 -0.347144428334791
1181 -0.918843618878602
1182 -0.483952952037776
1183 -0.515277768799997
1184 0.253623196512472
1185 1.29736950352127
1186 -0.398602911593389
1187 0.209757661174983
1188 0.900720306997137
1189 0.504678495732225
1190 -0.429557204749396
1191 -0.937541938958659
1192 0.0919316960341545
1193 0.489941757178167
1194 0.199815287778612
1195 -1.85455246878654
1196 -2.36203405437449
1197 0.76797103197393
1198 0.596126157182298
1199 -0.377550313312857
1200 1.00880833872367
1201 -0.233457142318141
1202 0.488954235121037
1203 0.77106594252491
1204 -0.447486262688128
1205 -1.53386393752381
1206 -2.29586975442126
1207 -0.786474171075947
1208 -0.987242548530851
1209 -1.14505069762296
1210 -2.41045640638664
1211 -0.560428299210074
1212 -0.452947700033919
1213 0.156405335562848
1214 -0.0382506184438389
1215 0.640892544540662
1216 0.91817723913182
1217 -0.884079074443443
1218 -0.699266184110537
1219 -1.39900862040695
1220 -0.889386562127401
1221 0.422515322737743
1222 0.657916012323383
1223 1.00327550583233
1224 0.230758696701951
1225 -0.0672484177282886
1226 0.0236274680845519
1227 0.141293978485906
1228 -1.55424067497796
1229 -1.05722607235388
1230 -0.0702407215205163
1231 -0.102264460659109
1232 -0.0852308247369797
1233 0.892874764173194
1234 0.0740611779007048
1235 -0.602900715879695
1236 0.889323320780618
1237 -0.495320484216098
1238 0.353456805450912
1239 0.69483434041289
1240 0.642556597297954
1241 -0.0780775615269138
1242 -0.0205314091307787
1243 -0.142623054734513
1244 0.209358177562836
1245 0.857648681901814
1246 -0.204678405925796
1247 1.45990656082115
1248 0.221613757620175
1249 -0.236497656684609
1250 0.598277036392572
1251 0.543883553050395
1252 -0.522493550858653
1253 0.455161835062378
1254 0.239394651573465
1255 -0.673111695584308
1256 -0.955960812487071
1257 0.388207032962241
1258 -0.452544707465617
1259 -0.353965103021046
1260 0.185452855701237
1261 -0.155978813485424
1262 -0.953535846665833
1263 -0.452065776108604
1264 -0.707252868652898
1265 -2.38773285106899
1266 0.0983426304592716
1267 0.406302674668448
1268 0.483643073799332
1269 1.31032198598592
1270 -0.168435605177657
1271 0.220232777817027
1272 0.523332175873613
1273 -0.012272984306168
1274 -0.474071198846502
1275 -1.44042608676905
1276 1.08160232003235
1277 -1.31873886658816
1278 -0.696326064540905
1279 -0.402026385103555
1280 -0.652721602520576
1281 -0.95323572971589
1282 -0.901008128046766
1283 0.447415167291541
1284 -0.232066109137201
1285 -0.215724925696172
1286 1.50017332240492
1287 -0.349968603405118
1288 -0.0886812588622852
1289 -0.728073946654748
1290 0.106962416438895
1291 0.101273374183484
1292 -0.965105751568847
1293 -1.51637980673632
1294 -0.536651556134495
1295 1.03988563478537
1296 0.00491728179806206
1297 -1.14907663896508
1298 -0.0877642097159792
1299 -0.847377556527263
1300 0.893787844444106
1301 0.130536358751933
1302 0.70570894066708
1303 -0.707252868652898
1304 -0.519298576693805
1305 0.507086007940744
1306 0.702176134803934
1307 -0.884482067011745
1308 0.740891309520248
1309 0.534673005553497
1310 0.206226222203729
1311 0.533997906668445
1312 0.34285310811554
1313 0.335055739236922
1314 -1.56426982250188
1315 0.125300070778732
1316 -1.00796971370871
1317 -1.01997683977427
1318 0.610776233628786
1319 -0.231852966337581
1320 -2.00126649932628
1321 0.107925849537197
1322 -1.11536123428252
1323 -1.14907663896508
1324 -1.87297134231495
1325 0.792828012435136
1326 -0.303531393204893
1327 -0.0802596240439772
1328 1.08311059843553
1329 -0.325483864284091
1330 -0.520215625840111
1331 0.961933281460026
1332 0.674925518167218
1333 0.456415591801644
1334 -0.793246137769708
1335 0.97586960749817
1336 4.22577927405854e-05
1337 -0.0904671127101806
1338 1.10371714226838
1339 0.322729599927807
1340 -0.204678405925796
1341 -0.361744499995176
1342 0.239907373411199
1343 0.229549420349004
1344 0.0295079818742714
1345 0.376671395800036
1346 0.293336447445693
1347 -0.577668577166121
1348 -0.034739462990057
1349 -1.3695552372935
1350 0.311377790927201
1351 0.422515322737743
1352 0.770876319639584
1353 0.0697898669826489
1354 0.458874852623176
1355 -0.37851374641116
1356 0.215809441281654
1357 0.725383536261254
1358 0.880648285696322
1359 0.958772398452822
1360 0.70551802732993
1361 0.458874852623176
1362 0.285400156789531
1363 -0.36650379354248
1364 0.857648681901814
1365 -0.888878879073221
1366 -0.0323319507815389
1367 -0.296405377638937
1368 0.191333369490956
1369 -0.112628544913242
1370 0.873683195812296
1371 0.999662429262959
