V1 V2 V3 V4 V5 V6 V7 V8 V9 V10 V11
1 1.13129701345925e-05 9.45771263883691e-06 1.89282357975489e-05 2.88167408014213e-05 4.11547302516366e-05 5.91532389161381e-05 8.3455004777101e-05 0.000111448046695857 0.000140716513882234 0.0001702165820145 0.000199726243123806
2 9.45771263883694e-06 0.00834468096594385 0.0165957426279764 0.0237020647545817 0.0275991879924169 0.0279566525602404 0.0269912176108338 0.0263628297210671 0.0260305333265611 0.0257513537857105 0.0254743314770645
3 1.89282357975487e-05 0.0165957426279763 0.0330120891189663 0.0471831779431741 0.0549792816590705 0.0557073111874464 0.0537798664983094 0.052520054271713 0.0518518086463108 0.051289864900671 0.0507322366346329
4 2.88167408014207e-05 0.0237020647545811 0.0471831779431733 0.0677178047228981 0.0793547759259698 0.0806690594458958 0.0778630253302699 0.0759289255895004 0.0748621169964537 0.0739548594910017 0.0730540623336486
5 4.11547302516359e-05 0.0275991879924164 0.0549792816590698 0.07935477592597 0.0941822917189069 0.0968422543734566 0.093619483931016 0.09090273750457 0.0891924396972409 0.0876862313765131 0.0861883416342827
6 5.91532389161379e-05 0.0279566525602398 0.0557073111874458 0.0806690594458961 0.0968422543734566 0.101383753993512 0.0989033463044929 0.0956223123155462 0.093039794740492 0.0906453872511136 0.0882590040611943
7 8.34550047771008e-05 0.0269912176108333 0.0537798664983088 0.0778630253302701 0.093619483931016 0.0989033463044929 0.0981033364567603 0.0957071581677662 0.0932203959066111 0.0907686356648191 0.088318855466818
8 0.000111448046695857 0.026362829721067 0.0525200542717131 0.0759289255895015 0.090902737504571 0.0956223123155471 0.0957071581677672 0.0960671613109812 0.0967671058896581 0.0974667860260835 0.0981657559403898
9 0.000140716513882234 0.0260305333265609 0.0518518086463107 0.0748621169964545 0.0891924396972416 0.0930397947404926 0.0932203959066117 0.0967671058896579 0.103221692173426 0.110302687517327 0.117409302847087
10 0.0001702165820145 0.0257513537857103 0.051289864900671 0.0739548594910027 0.0876862313765139 0.0906453872511144 0.0907686356648199 0.0974667860260834 0.110302687517328 0.124780374735342 0.139332063114717
11 0.000199726243123806 0.0254743314770646 0.0507322366346334 0.0730540623336501 0.0861883416342842 0.0882590040611958 0.0883188554668195 0.0981657559403903 0.117409302847088 0.139332063114718 0.16137894483145
