time status
1 85 1
2 1281 1
3 69 1
4 115 1
5 1039 1
6 1355 1
7 2851 1
8 372 1
9 3309 1
10 1326 1
11 2776 1
12 1046 1
13 667 1
14 51 1
15 1286 1
16 1626 1
17 1914 1
18 874 1
19 91 1
20 1903 1
21 2000 1
22 312 1
23 71 1
24 2845 0
25 2586 1
26 24 1
27 4 1
28 2718 1
29 85 1
30 2498 0
31 0 1
32 2905 0
33 371 1
34 23 1
35 1521 1
36 691 1
37 1584 1
38 283 1
39 590 1
40 702 1
41 227 1
42 89 1
43 2218 1
44 997 1
45 553 1
46 1754 1
47 225 1
48 322 1
49 704 1
50 881 1
51 897 1
52 500 1
53 4 1
54 0 1
55 262 1
56 1960 1
57 937 1
58 1079 1
59 48 1
60 1298 1
61 77 1
62 2047 1
63 455 1
64 567 1
65 687 1
66 630 1
67 387 1
68 663 1
69 1817 1
70 899 1
71 3230 1
72 598 1
73 266 1
74 673 1
75 18 1
76 2048 1
77 1207 1
78 315 0
79 335 1
80 108 1
81 166 0
82 191 1
83 28 1
84 705 1
85 1126 1
86 73 1
87 2743 1
88 2177 1
89 1069 1
90 28 1
91 110 1
92 213 1
93 1457 1
94 436 1
95 57 1
96 34 1
97 2887 1
98 750 1
99 32 1
100 984 1
101 1210 1
102 267 1
103 2488 1
104 877 1
105 3336 1
106 3329 0
107 3096 1
108 692 1
109 2819 1
110 4964 0
111 1874 1
112 2651 1
113 921 1
114 391 1
115 670 1
116 420 1
117 2845 0
118 3795 0
119 4673 1
120 681 1
121 2635 1
122 392 1
123 3710 1
124 2344 1
125 4751 0
126 233 1
127 975 1
128 1261 1
129 839 1
130 124 1
131 4823 0
132 797 1
133 4116 1
134 340 1
135 718 1
136 1883 1
137 271 1
138 1856 1
139 4530 1
140 130 1
141 1216 1
142 23 1
143 1163 1
144 4992 0
145 1330 1
146 2380 1
147 114 1
148 4531 0
149 398 1
150 4541 0
151 2896 1
152 419 1
153 568 1
154 4459 1
155 2658 1
156 1271 1
157 1107 1
158 2267 1
159 231 1
160 3139 1
161 1881 1
162 3399 1
163 2008 1
164 2336 1
165 282 1
166 1928 1
167 3558 1
168 1021 1
169 4400 0
170 1577 1
171 3395 1
172 230 1
173 3837 1
174 10 1
175 4386 0
176 1338 1
177 1867 1
178 1673 1
179 432 1
180 1645 1
181 3399 1
182 744 1
183 641 1
184 1766 1
185 2035 1
186 197 1
187 3146 1
188 3589 1
189 2925 1
190 1058 1
191 1183 1
192 666 1
193 520 1
194 3774 0
195 1317 1
196 672 1
197 2434 1
198 5005 0
199 3068 1
200 3223 1
201 3258 1
202 783 1
203 1897 1
204 3912 0
205 130 1
206 97 1
207 3236 1
208 2591 1
209 510 1
210 4840 0
211 1505 1
212 4 1
213 1353 1
214 3643 1
215 3507 0
216 3596 1
217 4471 0
218 2337 0
219 863 1
220 2335 1
221 1330 1
222 3293 1
223 2830 1
224 4878 0
225 1717 1
226 871 1
227 1174 1
228 4629 1
229 1036 1
230 244 1
231 1987 1
232 3276 0
233 1138 1
234 4092 1
235 2207 1
236 2391 1
237 2419 1
238 2172 1
239 1295 1
240 3178 1
241 1393 1
242 182 1
243 1477 1
244 2252 1
245 225 1
246 494 1
247 4810 0
248 4375 0
249 311 1
250 1888 0
251 3459 1
252 1438 1
253 4139 0
254 3421 1
255 4304 1
256 1807 1
257 541 0
258 4046 1
259 444 0
260 252 1
261 1349 1
262 8 1
263 3024 1
264 4892 0
265 770 1
266 1637 1
267 3164 1
268 2496 0
269 2694 1
270 635 1
271 3719 1
272 2250 1
273 1295 1
274 1083 1
275 1871 1
276 2469 1
277 651 1
278 3892 1
279 1774 1
280 3823 0
281 21 1
282 293 1
283 4975 0
284 557 1
285 1011 1
286 152 1
287 807 1
288 1598 1
289 1283 1
290 4009 1
291 2210 1
292 2818 1
293 258 1
294 1473 1
295 718 1
296 871 1
297 2558 1
298 4309 0
299 2208 1
300 514 1
301 1345 1
302 2461 1
303 4155 1
304 206 1
305 73 1
306 1566 1
307 88 1
308 4016 0
309 4624 0
310 1481 1
311 4541 1
312 908 1
313 2464 1
314 310 1
315 1176 1
316 4878 0
317 3114 1
318 4981 0
319 2481 1
320 2930 1
321 2435 1
322 1195 1
323 3645 1
324 2836 1
325 3285 1
326 2635 1
327 1216 0
328 830 1
329 4662 0
330 3367 1
331 2 1
332 3995 1
333 751 1
334 1504 1
335 459 1
336 4357 1
337 3547 1
338 4402 0
339 5004 0
340 1973 0
341 4202 1
342 121 1
343 691 1
344 3618 1
345 2439 1
346 54 1
347 1299 0
348 2967 1
349 4556 1
350 4957 0
351 3140 0
352 3653 1
353 2892 1
354 3610 1
355 3002 1
356 1379 1
357 4855 0
358 266 1
359 3730 0
360 3288 1
361 27 1
362 1657 1
363 4731 0
364 1918 1
365 3037 1
366 2575 1
367 3917 0
368 3367 0
369 468 1
370 4041 1
371 1633 1
372 3922 0
373 1632 1
374 1724 1
375 1441 1
376 37 1
377 2236 1
378 3016 1
379 4641 0
380 3354 1
381 4464 0
382 5025 0
383 4913 0
384 3065 1
385 4666 0
386 467 0
387 3651 0
388 1448 1
389 1440 1
390 2304 1
391 527 1
392 79 1
393 4005 1
394 2473 1
395 3080 0
396 538 1
397 4143 0
398 4470 0
399 4033 1
400 2534 0
401 373 1
402 1638 1
403 3596 1
404 3342 1
405 3812 1
406 291 1
407 1539 1
408 660 1
409 4893 0
410 3176 1
411 151 1
412 4165 1
413 4985 0
414 549 1
415 4823 1
416 278 1
417 559 1
418 2035 1
419 2827 1
420 2001 1
421 1901 1
422 4089 1
423 4113 1
424 844 1
425 1 1
426 2057 1
427 4095 1
428 2912 1
429 1433 1
430 2839 1
431 1030 1
432 1938 1
433 1212 1
434 8 1
435 635 1
436 3484 1
437 4163 0
438 969 1
439 1410 1
440 692 1
441 3890 1
442 1267 1
443 2650 1
444 2979 1
445 2877 1
446 1429 1
447 1953 1
448 3408 0
449 3714 1
450 1552 1
451 3750 1
452 680 1
453 1071 1
454 202 1
455 1 1
456 2642 1
457 1706 1
458 324 1
459 1223 1
460 3870 1
461 2461 1
462 356 1
463 2620 1
464 1908 1
465 2171 1
466 1615 1
467 2422 1
468 1563 1
469 2468 1
470 1574 1
471 4421 0
472 585 0
473 1602 0
474 3 1
475 4995 0
476 3785 1
477 2886 1
478 487 1
479 2155 1
480 3932 1
481 4920 0
482 2624 1
483 1661 1
484 4816 1
485 4397 1
486 4794 0
487 1597 1
488 3431 1
489 3808 1
490 4177 0
491 2862 1
492 657 0
493 973 1
494 4134 1
495 2489 1
496 1413 1
497 30 0
498 3565 1
499 2920 1
500 280 1
501 3396 0
502 397 1
503 3052 1
504 4633 0
505 2905 1
506 1183 1
507 3112 0
508 751 1
509 508 1
510 5004 0
511 4180 1
512 1066 1
513 4948 0
514 2590 1
515 4704 0
516 4990 0
517 2704 1
518 1065 1
519 2656 1
520 4950 0
521 4368 1
522 4604 0
523 310 1
524 2490 1
525 3601 1
526 112 1
527 3311 1
528 3897 1
529 3615 1
530 1053 1
531 4843 0
532 662 1
533 2634 1
534 732 1
535 2671 1
536 1874 1
537 2758 1
538 4022 1
539 6 1
540 4688 1
541 3091 1
542 190 1
543 4996 0
544 1669 1
545 4963 0
546 273 1
547 3732 0
548 1129 1
549 1686 1
550 2841 0
551 186 1
552 622 1
553 1823 1
554 3 1
555 2883 1
556 3764 1
557 3056 1
558 88 1
559 2556 1
560 1255 1
561 3608 1
562 1150 1
563 1427 1
564 1746 1
565 1705 1
566 4825 0
567 2004 1
568 4681 0
569 1957 1
570 296 1
571 2332 1
572 2299 1
573 3953 1
574 4556 0
575 1641 1
576 2916 1
577 1171 1
578 1977 1
579 4440 1
580 1071 0
581 203 1
582 741 1
583 3020 1
584 3538 1
585 4347 1
586 147 1
587 2286 1
588 672 1
589 2505 1
590 715 0
591 633 1
592 3217 1
593 4836 0
594 823 1
595 945 1
596 2810 1
597 4465 0
598 3423 1
599 677 1
600 4793 0
601 4721 1
602 4709 0
603 3058 1
604 1532 1
605 1236 1
606 2285 1
607 1442 1
608 1718 1
609 3672 1
610 339 1
611 4927 0
612 4831 0
613 4239 1
614 3328 1
615 776 1
616 3495 1
617 1970 1
618 2329 1
619 1104 1
620 1039 1
621 4090 1
622 2402 0
623 11 1
624 1003 1
625 4772 0
626 3891 1
627 1254 1
628 3282 1
629 3455 0
630 390 1
631 2019 0
632 2517 1
633 3099 1
634 2393 1
635 430 1
636 645 1
637 1569 0
638 857 1
639 165 1
640 4536 0
641 3953 1
642 420 1
643 3245 1
644 1801 1
645 3253 1
646 4710 1
647 3586 1
648 1454 1
649 2134 1
650 2993 1
651 1503 1
652 2483 1
653 2488 1
654 154 1
655 489 1
656 1262 1
657 2266 0
658 1019 1
659 2302 1
660 4954 0
661 3065 1
662 2974 1
663 179 1
664 2251 1
665 2540 1
666 1664 1
667 632 1
668 696 1
669 3105 1
670 3230 1
671 304 0
672 909 1
673 378 1
674 2050 1
675 1289 1
676 2084 1
677 975 1
678 4234 1
679 1372 1
680 1144 1
681 3566 1
682 36 0
683 4396 0
684 1548 1
685 2184 1
686 4856 0
687 2550 1
688 3013 1
689 854 1
690 3115 1
691 1831 1
692 3766 1
693 303 1
694 853 1
695 597 1
696 1978 1
697 1586 1
698 2333 0
699 606 1
700 1563 1
701 3454 1
702 1440 1
703 4382 0
704 513 1
705 4416 0
706 4988 0
707 2814 1
708 4498 1
709 4306 0
710 1838 1
711 3564 1
712 1501 1
713 2377 1
714 958 1
715 2320 1
716 430 1
717 106 1
718 1372 1
719 3688 1
720 850 1
721 2642 1
722 0 1
723 3612 1
724 4016 1
725 1810 1
726 427 1
727 4703 0
728 2568 1
729 430 1
730 884 1
731 4957 0
732 795 1
733 1318 1
734 2861 1
735 4435 0
736 1868 1
737 1567 0
738 170 1
739 1071 1
740 1996 1
741 75 0
742 2617 1
743 2913 1
744 771 1
745 1517 1
746 4292 1
747 4601 1
748 1545 1
749 522 1
750 1813 1
751 2713 1
752 2497 1
753 48 1
754 1885 1
755 4564 1
756 816 1
757 147 1
758 2959 1
759 2926 1
760 2322 0
761 440 1
762 1306 1
763 2545 1
764 1744 0
765 1220 1
766 3934 1
767 4736 1
768 4605 0
769 1552 1
770 767 1
771 1517 1
772 4698 0
773 2446 1
774 4634 0
775 403 1
776 2303 1
777 3554 0
778 4513 0
779 3111 1
780 4920 0
781 3304 0
782 4592 0
783 4127 0
784 104 1
785 1828 1
786 4610 0
787 3550 1
788 2217 1
789 4650 1
790 3906 1
791 706 1
792 3365 1
793 4017 1
794 4969 0
795 6 1
796 4667 0
797 4618 0
798 4405 1
799 578 1
800 1860 1
801 860 1
802 4296 1
803 4255 0
804 4757 0
805 930 1
806 1601 1
807 4655 0
808 4920 0
809 977 1
810 2954 1
811 2169 1
812 1513 1
813 4891 0
814 5103 0
815 4670 0
816 4415 0
817 3933 1
818 4927 0
819 3714 1
820 4659 0
821 4205 1
822 1103 1
823 2219 1
824 2383 1
825 1944 1
826 4056 1
827 4921 0
828 42 1
829 4304 1
830 272 1
831 1700 1
832 834 1
833 1143 1
834 2348 1
835 3728 1
836 1033 1
837 3097 1
838 2148 1
839 44 1
840 4732 0
841 4543 0
842 3288 1
843 1614 1
844 4956 0
845 2346 1
846 2953 1
847 49 1
848 4652 0
849 839 1
850 906 1
851 3914 1
852 4139 1
853 4355 0
854 3392 1
855 2353 1
856 4705 0
857 3028 1
858 41 1
859 2627 1
860 2293 1
861 4380 0
862 781 1
863 2686 1
864 2316 1
865 3038 1
866 2565 1
867 3904 1
868 4906 0
869 529 1
870 736 1
871 2591 1
872 250 1
873 350 1
874 4124 1
875 2044 1
876 1191 1
877 2078 0
878 2897 1
879 975 1
880 4467 0
881 538 1
882 2158 1
883 99 1
884 1824 1
885 4136 1
886 3294 0
887 3685 1
888 8 1
889 3190 1
890 4718 1
891 2275 1
892 3370 1
893 3996 0
894 2239 1
895 4647 0
896 1373 1
897 2465 1
898 1259 1
899 4196 1
900 2274 1
901 1850 1
902 4897 0
903 838 1
904 4716 0
905 1054 1
906 2979 1
907 4919 1
908 1 1
909 3783 1
910 1785 1
911 2819 1
912 2997 1
913 4268 0
914 1967 1
915 518 1
916 4470 1
917 4431 0
918 4621 0
919 3959 1
920 2680 1
921 2904 0
922 2925 1
923 3078 1
924 2380 1
925 3563 0
926 4626 0
927 1108 1
928 1458 1
929 1452 1
930 1448 0
931 1752 1
932 4578 0
933 1555 1
934 71 1
935 4883 0
936 4831 0
937 4974 0
938 4673 0
939 3847 0
940 2825 1
941 3795 1
942 243 1
943 1095 1
944 4912 0
945 359 1
946 2321 1
947 1817 1
948 893 1
949 527 1
950 2426 1
951 1847 1
952 2549 1
953 4704 0
954 993 1
955 4381 1
956 4977 0
957 1949 1
958 4410 0
959 3016 1
960 3772 1
961 3056 1
962 312 1
963 2740 1
964 319 1
965 4581 1
966 1742 1
967 734 1
968 3950 1
969 3370 1
970 4191 1
971 2623 1
972 2935 0
973 3886 0
974 110 1
975 4970 0
976 1201 1
977 1225 1
978 1212 1
979 4297 1
980 4802 0
981 1958 1
982 3774 1
983 2997 0
984 3061 1
985 3689 0
986 82 1
987 5002 0
988 4331 0
989 3291 1
990 4597 0
991 2919 1
992 95 1
993 283 1
994 4822 0
995 3469 1
996 2515 1
997 4429 0
998 4237 1
999 1949 1
1000 4324 0
1001 3905 1
1002 4800 0
1003 4049 1
1004 419 1
1005 551 1
1006 2505 0
1007 4843 0
1008 2677 1
1009 812 1
1010 283 1
1011 1241 1
1012 4611 1
1013 4648 0
1014 1215 1
1015 1945 1
1016 3600 1
1017 4928 0
1018 1195 1
1019 1173 1
1020 464 1
1021 4883 0
1022 4321 0
1023 2870 1
1024 481 1
1025 3724 1
1026 2004 1
1027 2788 1
1028 2937 1
1029 4641 0
1030 4957 0
1031 2299 1
1032 915 1
1033 4940 0
1034 1258 1
1035 4341 0
1036 3774 1
1037 4786 1
1038 2811 1
1039 4851 0
1040 2091 1
1041 1578 1
1042 4656 0
1043 4395 1
1044 3573 1
1045 3962 0
1046 1489 1
1047 4890 0
1048 2426 1
1049 1524 1
1050 4626 0
1051 932 1
1052 4785 1
1053 4872 0
1054 3109 0
1055 3155 1
1056 4060 0
1057 4746 0
1058 3900 1
1059 2998 1
1060 1304 1
1061 4625 0
1062 3675 1
1063 4617 1
1064 3676 1
1065 4876 0
1066 82 1
1067 2523 1
1068 3037 1
1069 2884 1
1070 3453 1
1071 4352 0
1072 419 1
1073 1741 1
1074 4467 0
1075 218 1
1076 3930 1
1077 4618 0
1078 2115 1
1079 2985 1
1080 995 1
1081 2478 1
1082 3537 1
1083 4373 1
1084 4974 0
1085 3997 1
1086 4647 0
1087 2815 1
1088 4872 0
1089 3872 0
1090 3325 1
1091 4774 0
1092 2322 0
1093 928 0
1094 42 1
1095 3961 1
1096 3586 1
1097 4820 0
1098 1419 1
1099 4698 0
1100 1123 1
1101 789 1
1102 4785 0
1103 4655 0
1104 4550 0
1105 4961 0
1106 2830 0
1107 3488 0
1108 14 1
1109 3044 1
1110 2777 1
1111 4622 1
1112 2877 1
1113 3871 0
1114 4764 0
1115 160 1
1116 2104 1
1117 4059 0
1118 2948 1
1119 1679 1
1120 4110 0
1121 2803 1
1122 4019 0
1123 4585 0
1124 4766 0
1125 4689 0
1126 4750 0
1127 2084 0
1128 4632 0
1129 4556 1
1130 2512 0
1131 3864 0
1132 2323 1
1133 4908 0
1134 2879 1
1135 4436 0
1136 1603 1
1137 4990 0
1138 4389 0
1139 814 1
1140 880 1
1141 4641 0
1142 4978 0
1143 727 1
1144 99 1
1145 1876 1
1146 3155 1
1147 4481 0
1148 2031 1
1149 247 1
1150 4422 0
1151 4697 0
1152 1652 1
1153 4110 1
1154 1393 1
1155 4653 0
1156 2273 0
1157 1890 1
1158 4891 0
1159 3596 1
1160 3362 1
1161 695 1
1162 4732 0
1163 2978 1
1164 4412 0
1165 3924 1
1166 4551 0
1167 4978 0
1168 4459 0
1169 923 1
1170 3358 0
1171 175 1
1172 4170 0
1173 576 1
1174 4531 1
1175 4723 0
1176 3958 1
1177 2161 1
1178 4913 0
1179 2045 1
1180 3149 1
1181 1834 1
1182 1897 1
1183 4957 0
1184 4512 0
1185 3404 0
1186 3486 1
1187 4543 0
1188 695 1
1189 2433 1
1190 2243 1
1191 550 1
1192 4313 0
1193 4940 0
1194 2225 0
1195 4674 0
1196 1760 1
1197 2320 1
1198 4408 0
1199 4648 0
1200 1183 1
1201 4164 0
1202 4955 0
1203 4486 0
1204 4883 0
1205 2507 1
1206 2620 1
1207 9 1
1208 2229 1
1209 4599 0
1210 4992 0
1211 4296 0
1212 2040 1
1213 2208 1
1214 4912 0
1215 1274 0
1216 4341 0
1217 2900 1
1218 2387 1
1219 731 1
1220 4827 0
1221 3054 1
1222 4440 0
1223 3988 0
1224 4536 0
1225 3177 0
1226 1980 1
1227 3940 1
1228 4829 0
1229 3647 1
1230 4801 0
1231 4876 0
1232 3024 1
1233 3886 0
1234 50 1
1235 1726 1
1236 4890 0
1237 2919 1
1238 3718 1
1239 4443 0
1240 2942 1
1241 4688 0
1242 3818 1
1243 3542 0
1244 778 0
1245 2643 1
1246 986 1
1247 1843 1
1248 1637 1
1249 4694 0
1250 175 0
1251 4081 0
1252 4663 0
1253 958 1
1254 107 1
1255 1370 1
1256 2604 1
1257 4611 0
1258 326 1
1259 156 1
1260 3792 1
1261 2343 1
1262 907 1
1263 3551 0
1264 4663 0
1265 4653 0
1266 3039 1
1267 4787 0
1268 2896 1
1269 4983 0
1270 4464 0
1271 4758 0
1272 4572 1
1273 4919 0
1274 4978 0
1275 4638 0
1276 3530 1
1277 4653 0
1278 4752 1
1279 4008 1
1280 4012 0
1281 4822 0
1282 1457 1
1283 2709 1
1284 2987 0
1285 3042 1
1286 2944 0
1287 3650 1
1288 196 1
1289 4519 0
1290 801 1
1291 4907 0
1292 4998 0
1293 2971 1
1294 4437 1
1295 4967 0
1296 4454 1
1297 4941 0
1298 3868 0
1299 20 1
1300 1880 1
1301 2434 1
1302 4828 0
1303 3407 1
1304 4852 0
1305 4984 0
1306 3079 1
1307 235 1
1308 2855 1
1309 2738 1
1310 5054 0
1311 2797 0
1312 4852 0
1313 1672 1
1314 1510 1
1315 4342 1
1316 4165 0
1317 4815 0
1318 240 1
1319 4372 0
1320 4561 0
1321 53 0
1322 4108 0
1323 3203 1
1324 4946 0
1325 4834 0
1326 3956 0
1327 1964 1
1328 2942 1
1329 4736 0
1330 3440 1
1331 4352 0
1332 165 1
1333 845 1
1334 3434 0
1335 4641 0
1336 4789 0
1337 1524 1
1338 786 1
1339 603 1
1340 3695 0
1341 3277 1
1342 3305 1
1343 4242 1
1344 1628 1
1345 2278 1
1346 890 1
1347 4995 0
1348 3476 1
1349 2430 1
1350 896 1
1351 1735 1
1352 4174 1
1353 2599 1
1354 1647 1
1355 1853 0
1356 4920 0
1357 3681 0
1358 3816 1
1359 4821 0
1360 1906 1
1361 4785 0
1362 1259 0
1363 3925 1
1364 59 1
1365 4607 0
1366 1977 1
1367 4793 0
1368 2423 1
1369 2226 1
1370 4306 1
1371 1737 1
1372 487 1
1373 4976 0
1374 2295 1
1375 2235 0
1376 3445 1
1377 2366 1
1378 4992 0
1379 4946 0
1380 2120 1
1381 2400 1
1382 2665 1
1383 4114 1
1384 800 1
1385 3945 1
1386 1035 1
1387 1663 1
1388 2725 1
1389 2852 0
1390 3298 0
1391 2533 1
1392 2445 1
1393 268 1
1394 4346 0
1395 4329 1
1396 3095 1
1397 988 1
1398 2051 0
1399 4138 1
1400 2371 1
1401 4927 0
1402 4491 1
1403 4442 1
1404 1750 1
1405 2487 1
1406 4646 0
1407 3653 1
1408 4348 0
1409 1635 1
1410 344 1
1411 264 1
1412 976 1
1413 4920 0
1414 2837 1
1415 1711 1
1416 2602 1
1417 1562 1
1418 3095 1
1419 4739 0
1420 3764 1
1421 4009 1
1422 1118 1
1423 2516 1
1424 1301 1
1425 3907 1
1426 110 1
1427 2550 1
1428 4989 0
1429 3078 1
1430 4982 0
1431 4703 0
1432 3069 1
1433 2499 1
1434 4857 0
1435 3712 1
1436 1255 1
1437 618 0
1438 2165 1
1439 4138 0
1440 4983 0
1441 3433 1
1442 1149 1
1443 4870 0
1444 4531 1
1445 4429 1
1446 4774 0
1447 4838 0
1448 5073 0
1449 4844 0
1450 4723 0
1451 527 1
1452 4549 0
1453 1292 1
1454 4716 0
1455 4443 0
1456 4836 0
1457 1997 1
1458 3858 0
1459 5166 0
1460 3816 0
1461 2631 0
1462 4683 0
1463 4718 0
1464 2376 1
1465 1804 1
1466 4964 0
1467 4582 0
1468 4439 0
1469 4995 0
1470 3584 0
1471 5005 0
1472 4983 0
1473 4438 0
1474 2706 0
1475 4865 0
1476 4515 0
1477 4022 0
1478 4711 0
1479 3818 0
1480 4582 1
1481 4859 0
1482 4445 0
1483 4177 0
1484 2510 0
1485 4643 0
1486 4425 0
1487 739 1
1488 2372 1
1489 4775 0
1490 4648 0
1491 4897 0
1492 4775 0
1493 4352 0
1494 4688 0
1495 5004 0
1496 4844 0
1497 4331 0
1498 3802 1
1499 4843 0
1500 2274 0
1501 2761 1
1502 4038 0
1503 4837 0
1504 5004 0
1505 1863 1
1506 949 1
1507 4907 0
1508 1568 1
1509 4662 0
1510 5003 0
1511 4998 0
1512 1824 1
1513 4033 0
1514 4505 0
1515 1180 0
1516 4710 0
1517 2883 1
1518 4047 1
1519 1110 1
1520 1257 1
1521 3710 0
1522 1596 1
1523 4964 0
1524 4647 0
1525 4859 0
1526 3053 1
1527 4652 0
1528 2778 0
1529 5002 0
1530 4640 0
1531 5073 0
1532 4198 1
1533 4886 0
1534 4490 1
1535 4774 0
1536 4992 0
1537 4466 0
1538 4656 0
1539 4817 0
1540 4877 0
1541 4050 0
1542 4638 0
1543 4950 0
1544 4842 0
1545 4967 0
1546 2562 1
1547 4962 0
1548 702 1
1549 2971 1
1550 1476 1
1551 4941 0
1552 4655 0
1553 4417 0
1554 3245 1
1555 4922 0
1556 2244 1
1557 4879 0
1558 4642 0
1559 4069 1
1560 1514 1
1561 5054 0
1562 4323 1
1563 4999 0
1564 680 1
1565 4953 0
1566 4906 0
1567 3473 0
1568 3544 1
1569 4890 0
1570 3367 0
1571 4271 0
1572 4817 0
1573 4670 0
1574 1762 1
1575 4830 0
1576 4540 0
1577 2826 1
1578 4780 0
1579 2953 0
1580 4807 0
1581 4498 0
1582 4031 0
1583 3989 0
1584 5003 0
1585 4621 0
1586 557 1
1587 4751 0
1588 3500 1
1589 3092 1
1590 5002 0
1591 4669 0
1592 4795 0
1593 2306 1
1594 3254 1
1595 3774 1
1596 4913 0
1597 4281 0
1598 2262 1
1599 4433 0
1600 3592 0
1601 3875 0
1602 2719 1
1603 4550 0
1604 4023 0
1605 3211 1
1606 4228 0
1607 4498 0
1608 4785 0
1609 3238 1
1610 3565 1
1611 4990 0
1612 3741 1
1613 4926 0
1614 3918 0
1615 4100 0
1616 4177 0
1617 4660 0
1618 1361 1
1619 4682 0
1620 4963 0
1621 4977 0
1622 777 1
1623 4480 1
1624 4907 0
1625 3336 0
1626 1260 0
1627 3557 0
1628 4948 0
1629 3143 1
1630 4057 0
1631 4621 0
1632 4858 0
1633 2309 0
1634 4355 0
1635 4533 0
1636 4667 0
1637 414 1
1638 4921 0
1639 4971 0
1640 4919 0
1641 4913 0
1642 4508 0
1643 4824 0
1644 4656 0
1645 4947 0
1646 1041 1
1647 2413 1
1648 2944 1
1649 4995 0
1650 2021 1
1651 3849 0
1652 4646 0
1653 4249 0
1654 4266 1
1655 4858 0
1656 2084 1
1657 4215 0
1658 2408 1
1659 2080 1
1660 561 1
1661 4634 0
1662 4694 0
1663 4026 1
1664 4193 0
1665 1491 1
1666 4695 0
1667 4865 0
1668 4844 0
1669 1765 1
1670 1081 1
1671 3927 0
1672 4845 0
1673 4827 0
1674 4275 0
1675 3602 1
1676 4866 0
1677 187 1
1678 4922 0
1679 4802 0
1680 4991 0
1681 733 0
1682 4656 0
1683 409 1
1684 3958 1
1685 4667 1
1686 4670 0
1687 4997 0
1688 4859 0
1689 968 0
1690 3108 0
1691 4786 0
1692 4488 0
1693 2017 1
1694 4933 0
1695 2681 1
1696 4766 0
1697 4933 0
1698 1438 1
1699 4745 0
1700 4914 1
1701 3583 0
1702 4396 0
1703 4119 1
1704 4273 1
1705 3794 0
1706 3340 0
1707 4613 0
1708 1634 1
1709 17 1
1710 4241 1
1711 4649 0
1712 4911 0
1713 2277 1
1714 4849 0
1715 4957 0
1716 4557 0
1717 4774 0
1718 7 1
1719 4358 0
1720 2385 1
1721 4499 0
1722 4674 0
1723 1082 1
1724 4509 0
1725 2987 1
1726 1825 1
1727 2545 0
1728 4757 1
1729 4991 0
1730 1395 1
1731 2512 0
1732 238 1
1733 4357 1
1734 3948 0
1735 3727 0
1736 4380 1
1737 3264 1
1738 4897 0
1739 4837 0
1740 3969 1
1741 4682 0
1742 4879 0
1743 4105 1
1744 279 1
1745 4816 0
1746 3801 0
1747 4726 0
1748 4324 0
1749 4866 0
1750 4457 0
1751 4813 0
1752 3445 0
1753 4325 1
1754 3083 1
1755 4781 0
1756 4960 0
1757 581 0
1758 2277 1
1759 4941 0
1760 4871 0
1761 4884 0
1762 4801 0
1763 4249 0
1764 398 1
1765 4768 0
1766 4172 1
1767 3048 1
1768 4445 0
1769 2769 1
1770 4880 0
1771 4787 0
1772 1653 1
1773 4621 0
1774 1498 1
1775 3081 0
1776 1686 1
1777 4513 0
1778 4532 1
1779 4831 0
1780 1087 1
1781 4716 0
1782 2141 1
1783 4866 0
1784 4019 1
1785 4970 0
1786 3259 1
1787 3526 0
1788 1410 1
1789 4710 0
1790 4125 0
1791 4444 0
1792 4543 0
1793 4653 0
1794 49 1
1795 4565 0
1796 4029 1
1797 2719 1
1798 1172 1
1799 3477 1
1800 4528 0
1801 4162 0
1802 3333 0
1803 3097 1
1804 4639 0
1805 3205 0
1806 4121 0
1807 4143 1
1808 4098 1
1809 4892 0
1810 4674 1
1811 4949 0
1812 4814 0
1813 4355 0
1814 4919 0
1815 4823 0
1816 4781 0
1817 4859 0
1818 1693 1
1819 4786 0
1820 4829 0
1821 4351 0
1822 106 1
1823 2696 1
1824 4649 0
1825 4759 0
1826 3345 1
1827 4674 1
1828 3591 1
1829 4443 0
1830 3449 1
1831 4572 0
1832 2586 1
1833 4927 0
1834 4640 0
1835 4216 0
1836 4760 0
1837 4408 0
1838 4837 0
1839 4626 0
1840 2099 0
1841 4883 0
1842 4974 0
1843 1529 1
1844 4295 1
1845 4992 0
1846 4062 1
1847 4680 0
1848 2875 1
1849 4530 0
1850 4608 1
1851 783 1
1852 4956 0
1853 4985 0
1854 2084 1
1855 4156 1
1856 3815 0
1857 4268 0
1858 2864 0
1859 4542 0
1860 4365 0
1861 4225 0
1862 4831 0
1863 4957 0
1864 3069 1
1865 4590 0
1866 7 1
1867 4673 0
1868 1248 1
1869 4551 0
1870 4995 0
1871 4647 0
1872 4667 0
1873 4981 0
1874 3939 0
1875 4914 0
1876 4457 1
1877 1836 1
1878 4390 0
1879 3015 1
1880 4607 0
1881 4733 0
1882 4680 0
1883 3834 0
1884 4618 0
1885 4844 0
1886 4528 0
1887 4452 0
1888 4758 0
1889 898 0
1890 4527 0
1891 4829 0
1892 4890 0
1893 4955 0
1894 4971 0
1895 3511 0
1896 3010 1
1897 2643 1
1898 4815 0
1899 4896 0
1900 2891 0
1901 4381 0
1902 3076 1
1903 2720 1
1904 2706 0
1905 4502 0
1906 1810 1
1907 3824 1
1908 4291 0
1909 4668 0
1910 4831 0
1911 4166 1
1912 4716 0
1913 3347 1
1914 4662 0
1915 4556 0
1916 3529 0
1917 1119 1
1918 4162 1
1919 4799 0
1920 4759 0
1921 4969 0
1922 4989 0
1923 4626 0
1924 3013 0
1925 4781 0
1926 4971 0
1927 3005 0
1928 3946 1
1929 2041 0
1930 4955 0
1931 2225 1
1932 2479 0
1933 4534 1
1934 1592 1
1935 2303 1
1936 4672 0
1937 4593 0
1938 4709 0
1939 4864 0
1940 4053 0
1941 4234 0
1942 182 0
1943 4971 0
1944 4939 0
1945 4858 0
1946 4025 1
1947 1534 1
1948 4300 0
1949 5003 0
1950 1834 1
1951 5 1
1952 3311 0
1953 4859 0
1954 4687 0
1955 4991 0
1956 4663 0
1957 4926 0
1958 1409 1
1959 4358 0
1960 468 1
1961 3759 1
1962 4564 0
1963 4676 0
1964 947 0
1965 4100 0
1966 378 1
1967 54 1
1968 5005 0
1969 4397 0
1970 3846 1
1971 1268 1
1972 262 1
1973 2927 0
1974 4990 0
1975 4883 0
1976 4751 0
1977 2685 1
1978 4647 0
1979 2229 0
1980 4800 0
1981 3225 0
1982 4524 0
1983 5039 0
1984 4787 0
1985 4830 0
1986 4907 0
1987 4824 0
1988 3117 0
1989 30 1
1990 4957 0
1991 4121 0
1992 4736 0
1993 4689 0
1994 4953 0
1995 4275 0
1996 1103 1
1997 3428 1
1998 2962 1
1999 3149 1
2000 86 1
2001 4594 0
2002 4920 0
2003 1878 1
2004 4863 0
2005 3700 0
2006 3752 0
2007 4865 0
2008 2936 0
2009 2480 1
2010 3289 1
2011 4786 0
2012 4904 0
2013 44 1
2014 4092 1
2015 2512 0
2016 4851 0
2017 4465 1
2018 4657 1
2019 3067 1
2020 1695 1
2021 1981 1
2022 4989 0
2023 2061 1
2024 713 1
2025 1326 1
2026 5005 0
2027 2992 1
2028 3766 0
2029 4894 0
2030 2071 1
2031 3011 1
2032 4348 0
2033 3705 1
2034 3934 0
2035 4793 0
2036 4253 0
2037 4733 0
2038 2586 1
2039 2345 1
2040 54 1
2041 4863 0
2042 359 1
2043 4001 0
2044 4619 0
2045 4896 0
2046 4802 0
2047 1712 1
2048 2084 1
2049 4582 0
2050 4382 1
2051 3974 0
2052 2780 0
2053 4669 0
2054 4950 0
2055 4076 1
2056 1678 1
2057 4487 0
2058 4622 0
2059 4978 0
2060 326 1
2061 1708 1
2062 3731 1
2063 4072 1
2064 4792 0
2065 1809 1
2066 4383 0
2067 4433 0
2068 4950 0
2069 4981 0
2070 2748 1
2071 2530 0
2072 2671 1
2073 783 1
2074 940 1
2075 3408 1
2076 3215 1
2077 3633 0
2078 871 1
2079 3546 1
2080 3141 1
2081 95 1
2082 2721 1
2083 4166 0
2084 3920 0
2085 731 1
2086 3928 0
2087 3038 1
2088 5005 0
2089 1816 1
2090 4552 1
2091 1450 1
2092 745 1
2093 4786 0
2094 5095 0
2095 4683 0
2096 2514 0
2097 4501 0
2098 4954 0
2099 3264 0
2100 4176 0
2101 3670 1
2102 3475 0
2103 4626 0
2104 5075 0
2105 4922 1
2106 3486 1
2107 3006 1
2108 57 1
2109 3 1
2110 2213 1
2111 1435 1
2112 2375 1
2113 3473 0
2114 4486 1
2115 4842 0
2116 4976 0
2117 2691 1
2118 3861 0
2119 3636 0
2120 549 1
2121 2547 0
2122 4963 0
2123 4837 0
2124 4726 0
2125 2441 1
2126 2712 0
2127 1126 1
2128 4922 0
2129 4687 0
2130 3945 0
2131 102 1
2132 3640 1
2133 1712 1
2134 688 1
2135 337 1
2136 4894 0
2137 43 1
2138 4788 0
2139 4121 0
2140 4343 0
2141 508 1
2142 4520 1
2143 1510 1
2144 4290 0
2145 3913 0
2146 3329 1
2147 3685 1
2148 1535 1
2149 4564 0
2150 1035 1
2151 887 1
2152 2552 1
2153 4642 0
2154 4872 0
2155 4305 0
2156 1325 1
2157 2870 1
2158 5040 0
2159 5004 0
2160 4682 0
2161 4914 0
2162 4415 0
2163 4926 0
2164 4648 0
2165 4168 1
2166 1514 1
2167 4967 0
2168 4954 0
2169 3648 0
2170 3833 1
2171 4904 0
2172 1332 1
2173 186 1
2174 4950 0
2175 4827 0
2176 4761 0
2177 1 1
2178 4640 0
2179 639 1
2180 4622 0
2181 2817 1
2182 3257 1
2183 3211 0
2184 1577 1
2185 4595 0
2186 893 1
2187 3210 1
2188 4946 0
2189 4996 0
2190 374 1
2191 4619 0
2192 4995 0
2193 2470 1
2194 5005 0
2195 4691 0
2196 4950 0
2197 3555 0
2198 2506 1
2199 524 1
2200 80 1
2201 3703 0
2202 4925 0
2203 4204 1
2204 4603 0
2205 3005 1
2206 2477 0
2207 2348 1
2208 4539 0
2209 1000 1
2210 4778 0
2211 3630 1
2212 620 1
2213 1862 1
2214 3588 1
2215 4960 0
2216 4774 0
2217 2781 1
2218 2449 1
2219 4661 0
2220 4542 0
2221 268 1
2222 2889 1
2223 4765 0
2224 3975 0
2225 4830 0
2226 4768 0
2227 4925 0
2228 3934 0
2229 1794 1
2230 4984 0
2231 4326 0
2232 4547 0
2233 4822 0
2234 1045 1
2235 4095 1
2236 2507 0
2237 1945 1
2238 714 1
2239 2892 1
2240 2906 1
2241 3703 1
2242 159 1
2243 3316 1
2244 2964 1
2245 5095 0
2246 1606 1
2247 4345 0
2248 1719 1
2249 3839 1
2250 738 1
2251 4767 0
2252 4956 0
2253 4999 0
2254 4915 0
2255 1120 1
2256 2970 1
2257 2397 1
2258 4760 0
2259 4488 0
2260 4376 1
2261 4960 0
2262 4643 0
2263 4908 0
2264 3554 1
2265 3760 0
2266 4781 1
2267 4645 0
2268 1843 1
2269 3287 0
2270 2973 1
2271 3323 1
2272 4822 0
2273 2899 1
2274 1212 0
2275 4639 0
2276 2204 0
2277 4831 0
2278 1455 1
2279 2787 1
2280 4957 0
2281 4467 1
2282 1108 1
2283 4816 0
2284 4661 0
2285 4078 1
2286 2629 1
2287 4631 0
2288 4990 0
2289 1586 1
2290 4922 0
2291 3389 1
2292 1486 1
2293 3730 1
2294 1201 1
2295 3263 1
2296 9 1
2297 3895 1
2298 297 1
2299 1869 1
2300 4544 0
2301 4682 0
2302 4423 0
2303 3821 0
2304 4806 0
2305 3613 0
2306 3089 1
2307 4906 0
2308 4019 1
2309 3877 1
2310 3711 0
2311 4691 0
2312 4348 0
2313 4865 0
2314 4822 0
2315 4845 0
2316 4803 1
2317 685 1
2318 4080 1
2319 4421 1
2320 4661 1
2321 4865 0
2322 921 1
2323 3874 0
2324 4269 1
2325 3391 1
2326 2898 1
2327 4238 1
2328 2611 1
2329 4425 0
2330 4857 0
2331 4356 0
2332 4547 0
2333 4701 0
2334 4687 0
2335 4566 1
2336 4354 1
2337 1874 1
2338 4975 0
2339 2514 0
2340 4677 1
2341 3141 1
2342 15 1
2343 4915 0
2344 4591 0
2345 4773 0
2346 3620 0
2347 4396 0
2348 1381 1
2349 4681 0
2350 1463 1
2351 2549 0
2352 3873 1
2353 2408 1
2354 4947 0
2355 825 1
2356 2936 1
2357 4431 0
2358 4975 0
2359 3627 0
2360 306 1
2361 259 1
2362 1377 1
2363 2906 1
2364 4666 0
2365 4499 0
2366 4610 0
2367 4998 0
2368 2479 1
2369 4872 0
2370 4528 0
2371 4615 1
2372 4816 0
2373 2451 1
2374 5002 0
2375 700 1
2376 215 1
2377 4897 0
2378 33 0
2379 687 1
2380 4997 0
2381 3418 1
2382 955 1
2383 1031 1
2384 4857 0
2385 2067 1
2386 4527 0
2387 3211 1
2388 4487 0
2389 4683 0
2390 4954 0
2391 4688 0
2392 4927 0
2393 3563 1
2394 4612 0
2395 4971 0
2396 4733 0
2397 3412 1
2398 3204 1
2399 4904 0
2400 4487 0
2401 3206 0
2402 2609 1
2403 3975 1
2404 4549 0
2405 5005 0
2406 4680 0
2407 4829 0
2408 4718 0
2409 4656 0
2410 3918 0
2411 2295 0
2412 11 1
2413 311 1
2414 4312 0
2415 2149 1
2416 3795 0
2417 1649 1
2418 3236 0
2419 5090 0
2420 4915 0
2421 1874 1
2422 4904 0
2423 4766 0
2424 2171 0
2425 4817 0
2426 2390 1
2427 4649 0
2428 4971 0
2429 4331 0
2430 4946 0
2431 8 1
2432 4603 0
2433 3949 1
2434 585 1
2435 3982 1
2436 4682 0
2437 2199 0
2438 4543 0
2439 4869 0
2440 4731 0
2441 4631 0
2442 3948 1
2443 4898 0
2444 4960 0
2445 3060 0
2446 3245 1
2447 3643 1
2448 5075 0
2449 3467 0
2450 4991 0
2451 4536 0
2452 1309 1
2453 4709 0
2454 4843 0
2455 4988 0
2456 4599 0
2457 4548 0
2458 4907 0
2459 935 1
2460 4543 0
2461 3001 1
2462 4647 0
2463 4956 0
2464 2417 1
2465 4893 0
2466 4660 0
2467 2144 1
2468 3703 0
2469 4996 0
2470 4823 0
2471 621 1
2472 4666 0
2473 3192 1
2474 4967 0
2475 4948 0
2476 4589 0
2477 5002 0
2478 4633 0
2479 3619 1
2480 27 1
2481 4522 1
2482 3708 1
2483 2683 1
2484 4187 0
2485 3620 1
2486 4355 0
2487 5 1
2488 3959 0
2489 3716 0
2490 4506 0
2491 4720 0
2492 4810 0
2493 3591 0
2494 129 1
2495 1191 1
2496 4480 0
2497 4970 0
2498 4064 0
2499 5003 0
2500 4946 0
2501 4131 0
2502 4151 0
2503 4788 0
2504 4925 0
2505 3991 0
2506 4330 0
2507 4974 0
2508 1844 1
2509 4460 0
2510 1877 1
2511 790 1
2512 2296 0
2513 4256 0
2514 401 1
2515 52 1
2516 4957 0
2517 2095 1
2518 4121 1
2519 4687 0
2520 4654 0
2521 2898 0
2522 4677 1
2523 4425 0
2524 4953 0
2525 325 1
2526 2510 0
2527 2160 0
2528 4877 0
2529 4906 0
2530 4486 0
2531 459 1
2532 4267 0
2533 1224 1
2534 4627 1
2535 4017 1
2536 4795 0
2537 4470 0
2538 4810 0
2539 4768 0
2540 3934 0
2541 3036 0
2542 4830 0
2543 3163 1
2544 4766 0
2545 4592 0
2546 4683 0
2547 4878 0
2548 4164 0
2549 4976 0
2550 4594 0
2551 4750 0
2552 4678 0
2553 2854 1
2554 744 1
2555 4971 0
2556 4016 0
2557 3690 1
2558 4753 0
2559 5002 0
2560 5019 0
2561 4961 0
2562 4816 0
2563 4505 1
2564 2764 0
2565 259 1
2566 4733 1
2567 4875 0
2568 2249 1
2569 765 1
2570 4864 0
2571 2086 1
2572 4715 1
2573 3963 1
2574 4215 1
2575 3546 0
2576 4991 0
2577 4824 0
2578 4977 0
2579 3020 1
2580 4844 0
2581 4319 0
2582 4656 0
2583 4558 0
2584 1776 1
2585 1883 0
2586 4870 0
2587 4047 0
2588 3471 0
2589 4676 0
2590 1628 1
2591 4768 0
2592 4705 0
2593 3728 0
2594 1093 1
2595 4691 0
2596 4624 0
2597 4792 0
2598 342 1
2599 4991 0
2600 4873 0
2601 388 1
2602 3533 1
2603 4527 0
2604 4450 0
2605 2858 1
2606 4932 0
2607 3927 0
2608 681 1
2609 4891 0
2610 4457 0
2611 1121 1
2612 3275 0
2613 4963 0
2614 4927 0
2615 2926 1
2616 1863 1
2617 4905 0
2618 3104 1
2619 4939 0
2620 4514 0
2621 4103 1
2622 4701 0
2623 4949 0
2624 4698 0
2625 4890 0
2626 2253 0
2627 231 1
2628 4950 0
2629 4904 0
2630 1592 1
2631 1608 1
2632 3 0
2633 4065 1
2634 3340 1
2635 4619 0
2636 2973 1
2637 4919 0
2638 4723 0
2639 4796 0
2640 3821 0
2641 3310 0
2642 258 1
2643 2290 0
2644 3277 0
2645 4873 0
2646 4998 0
2647 4613 0
2648 3024 1
2649 634 1
2650 4164 0
2651 4618 0
2652 4687 0
2653 3850 0
2654 4974 0
2655 138 1
2656 4697 0
2657 3727 1
2658 4920 0
2659 654 1
2660 4855 0
2661 4844 0
2662 4141 0
2663 901 1
2664 3912 0
2665 236 1
2666 4963 0
2667 4883 0
2668 4628 0
2669 4816 0
2670 3425 1
2671 2248 1
2672 3871 1
2673 4208 0
2674 5061 0
2675 4394 0
2676 4648 0
2677 4254 0
2678 4747 0
2679 4913 0
2680 4446 1
2681 4751 0
2682 3155 1
2683 4969 0
2684 4975 0
2685 163 0
2686 4834 0
2687 2898 0
2688 4653 0
2689 4731 0
2690 880 1
2691 4641 0
2692 2422 0
2693 3340 1
2694 4751 0
2695 4746 0
2696 3384 1
2697 4940 0
2698 3977 1
2699 4830 0
2700 4557 0
2701 4501 0
2702 278 1
2703 3925 1
2704 4949 0
2705 4873 0
2706 1494 1
2707 4960 0
2708 4814 0
2709 3875 1
2710 2193 1
2711 4831 0
2712 3439 1
2713 4751 0
2714 4327 0
2715 3116 0
2716 7 0
2717 4952 0
2718 2261 0
2719 2647 1
2720 4618 0
2721 4173 0
2722 4158 0
2723 4971 0
2724 4835 0
2725 4863 0
2726 3707 0
2727 3745 1
2728 2342 1
2729 4960 0
2730 2898 0
2731 4464 0
2732 2809 1
2733 2477 0
2734 4879 0
2735 4335 1
2736 4767 0
2737 4873 0
2738 164 1
2739 306 1
2740 4094 0
2741 5059 0
2742 4822 0
2743 4305 1
2744 3895 0
2745 4441 0
2746 3101 0
2747 4633 0
2748 4820 0
2749 4864 0
2750 4276 0
2751 1680 1
2752 1169 1
2753 2539 1
2754 4603 0
2755 4697 0
2756 1060 1
2757 4214 0
2758 4177 0
2759 4879 0
2760 2033 1
2761 4288 0
2762 4970 0
2763 4941 0
2764 379 1
2765 4828 0
2766 4512 0
2767 3625 0
2768 4799 0
2769 4697 0
2770 4520 0
2771 2975 0
2772 4920 0
2773 3009 0
2774 3395 1
2775 4726 0
2776 1295 1
2777 4908 0
2778 2750 0
2779 4341 0
2780 3477 1
2781 4921 0
2782 4956 0
2783 1959 1
2784 4078 1
2785 4969 0
2786 4577 0
2787 4960 0
2788 2969 0
2789 1377 0
2790 1192 1
2791 4343 0
2792 4745 1
2793 4586 0
2794 4871 0
2795 1913 1
2796 2587 1
2797 4950 0
2798 3551 1
2799 3240 1
2800 4517 1
2801 4081 0
2802 2162 1
2803 202 0
2804 1682 1
2805 4660 0
2806 4492 1
2807 4585 0
2808 3652 0
2809 2166 1
2810 4168 1
2811 3871 1
2812 4850 0
2813 4347 0
2814 3189 1
2815 4846 0
2816 4926 0
2817 1390 1
2818 4964 0
2819 4922 0
2820 4600 0
2821 4704 0
2822 2920 0
2823 4123 0
2824 3263 0
2825 4619 0
2826 1444 1
2827 4962 0
2828 4422 0
2829 463 1
2830 437 0
2831 1161 1
2832 800 1
2833 4998 0
2834 1987 1
2835 3350 0
2836 5047 0
2837 385 1
2838 2732 1
2839 1880 1
2840 4681 0
2841 3743 0
2842 2081 1
2843 4583 0
2844 4547 0
2845 4640 0
2846 1195 1
2847 713 1
2848 4891 0
2849 4950 0
2850 4977 0
2851 4558 0
2852 2276 0
2853 3129 0
2854 2192 0
2855 4719 0
2856 4696 0
2857 1133 1
2858 4793 0
2859 4078 0
2860 240 1
2861 3827 1
2862 2231 1
2863 4922 0
2864 4767 0
2865 4764 0
2866 3076 1
2867 4239 1
2868 4504 0
2869 4314 1
2870 5132 0
2871 3671 1
2872 4940 0
2873 3990 0
2874 4914 0
2875 3975 1
2876 1965 0
2877 2969 0
2878 2034 1
2879 3520 1
2880 4967 0
2881 4054 1
2882 4816 0
2883 3752 0
2884 4004 0
2885 2142 0
2886 696 1
2887 4873 0
2888 3797 1
2889 3302 0
2890 4899 0
2891 1596 1
2892 4088 1
2893 3995 0
2894 3058 1
2895 4813 0
2896 4963 0
2897 1756 1
2898 4901 0
2899 4766 0
2900 1459 0
2901 4365 0
2902 1469 1
2903 5046 0
2904 1126 1
2905 972 1
2906 4624 0
2907 277 1
2908 4155 1
2909 221 1
2910 3019 1
2911 4962 0
2912 4883 0
2913 4781 0
2914 4976 0
2915 4921 0
2916 4673 0
2917 4989 0
2918 3558 1
2919 1902 0
2920 4802 0
2921 4948 0
2922 4761 0
2923 1681 1
2924 4964 0
2925 4653 0
2926 2005 1
2927 2268 0
2928 4499 0
2929 2322 0
2930 4254 0
2931 4851 0
2932 4786 0
2933 4997 0
2934 4807 0
2935 3340 0
2936 4745 0
2937 2027 1
2938 37 1
2939 4906 0
2940 4544 0
2941 3401 0
2942 128 0
2943 4780 0
2944 4995 0
2945 4605 0
2946 4775 0
2947 2910 0
2948 3584 0
2949 4976 0
2950 3980 0
2951 4963 0
2952 834 1
2953 2018 1
2954 1955 1
2955 4962 0
2956 4624 0
2957 4355 0
2958 383 1
2959 4562 0
2960 4898 0
2961 2404 1
2962 4921 0
2963 4526 0
2964 4535 0
2965 4326 0
2966 2016 1
2967 4991 0
2968 4794 0
2969 4764 0
2970 2422 0
2971 2258 1
2972 2836 1
2973 4978 0
2974 3135 1
2975 4757 0
2976 4240 0
2977 4085 0
2978 4305 0
2979 2323 0
2980 4560 1
2981 4695 0
2982 4939 0
2983 4477 1
2984 4665 0
2985 4991 0
2986 2511 0
2987 3071 1
2988 4932 0
2989 2495 1
2990 4722 0
2991 4999 0
2992 4932 0
2993 4999 0
2994 5215 0
2995 4920 0
2996 3988 1
2997 4894 0
2998 4710 0
2999 4598 0
3000 4772 0
3001 4502 0
3002 4940 0
3003 1819 1
3004 1770 1
3005 4269 0
3006 1974 1
3007 4649 0
3008 4877 0
3009 138 1
3010 4507 0
3011 3773 1
3012 4835 0
3013 4487 0
3014 4284 0
3015 3987 0
3016 4683 0
3017 4358 0
3018 4786 0
3019 3985 1
3020 4983 0
3021 457 0
3022 4457 0
3023 4325 0
3024 2533 1
3025 4586 0
3026 1692 1
3027 4675 0
3028 3281 0
3029 4422 1
3030 4605 0
3031 5005 0
3032 4180 0
3033 4997 0
3034 3071 1
3035 1471 0
3036 4305 0
3037 2717 0
3038 4900 0
3039 4361 0
3040 2773 0
3041 4877 0
3042 4759 0
3043 3967 0
3044 4599 1
3045 437 0
3046 4170 1
3047 2190 1
3048 4435 0
3049 4893 0
3050 4041 0
3051 4915 0
3052 4996 0
3053 746 1
3054 4088 0
3055 4726 0
3056 4383 0
3057 1819 1
3058 4295 1
3059 4364 0
3060 3365 1
3061 4442 0
3062 4927 0
3063 4341 0
3064 4592 0
3065 5096 0
3066 3744 0
3067 657 1
3068 4674 0
3069 4716 0
3070 4469 1
3071 4731 0
3072 1183 1
3073 4656 0
3074 2416 1
3075 4989 0
3076 1971 1
3077 4624 0
3078 4467 0
3079 1983 1
3080 4738 0
3081 71 1
3082 4242 1
3083 3416 0
3084 4785 0
3085 4779 0
3086 4885 0
3087 4915 0
3088 219 1
3089 2290 0
3090 2202 0
3091 4695 0
3092 3781 0
3093 2806 1
3094 4248 0
3095 4893 0
3096 4775 0
3097 4866 0
3098 3441 0
3099 4999 0
3100 4464 1
3101 4787 0
3102 2566 1
3103 4802 0
3104 2889 1
3105 4872 0
3106 4757 0
3107 3776 1
3108 4732 0
3109 4103 0
3110 2796 1
3111 3780 0
3112 3999 1
3113 4960 0
3114 3706 1
3115 4809 0
3116 4947 0
3117 4498 0
3118 4771 0
3119 1594 1
3120 4907 0
3121 3251 0
3122 4962 0
3123 2420 1
3124 2027 0
3125 4948 0
3126 4844 0
3127 4988 0
3128 4787 0
3129 4844 0
3130 4892 0
3131 4673 0
3132 4737 0
3133 2036 1
3134 2819 1
3135 4562 0
3136 4998 0
3137 4211 1
3138 4618 0
3139 4927 0
3140 4646 0
3141 4957 0
3142 4601 0
3143 1829 0
3144 4514 0
3145 4858 0
3146 4346 0
3147 3890 0
3148 4631 0
3149 3019 0
3150 1581 0
3151 4785 0
3152 4105 0
3153 4792 0
3154 4781 0
3155 4105 1
3156 4901 0
3157 4900 0
3158 4971 0
3159 4940 0
3160 4278 1
3161 829 1
3162 584 1
3163 4522 0
3164 4827 0
3165 4390 0
3166 4982 0
3167 4586 0
3168 4536 0
3169 4645 0
3170 4865 0
3171 3269 0
3172 4568 0
3173 4978 0
3174 3735 0
3175 4963 0
3176 4985 0
3177 4759 0
3178 4688 0
3179 4970 0
3180 4003 0
3181 3265 0
3182 4604 0
3183 1963 0
3184 4789 0
3185 4927 0
3186 2577 0
3187 2845 1
3188 4964 0
3189 433 1
3190 4536 0
3191 4866 0
3192 3913 0
3193 4780 0
3194 4673 0
3195 4659 0
3196 4991 0
3197 4478 0
3198 1992 1
3199 4859 0
3200 4821 0
3201 3751 0
3202 4843 0
3203 4914 0
3204 5004 0
3205 4963 0
3206 4810 0
3207 4955 0
3208 822 1
3209 4807 0
3210 4801 0
3211 4859 0
3212 4814 0
3213 4729 0
3214 4977 0
3215 5062 0
3216 4809 0
3217 2859 0
3218 4325 0
3219 4988 0
3220 3116 1
3221 3586 1
3222 4225 0
3223 4701 0
3224 4163 0
3225 4652 0
3226 4408 0
3227 383 1
3228 2286 1
3229 2727 1
3230 4964 0
3231 4591 0
3232 4899 0
3233 3125 1
3234 4852 0
3235 4884 0
3236 4381 0
3237 4498 0
3238 4089 1
3239 4687 0
3240 4219 0
3241 4949 0
3242 4772 0
3243 5005 0
3244 4074 1
3245 2889 0
3246 4950 0
3247 4998 0
3248 4927 0
3249 4345 1
3250 1530 1
3251 4987 0
3252 4668 0
3253 3407 0
3254 4754 0
3255 4946 0
3256 2189 1
3257 2415 1
3258 4626 0
3259 4921 0
3260 4915 0
3261 4564 0
3262 4984 0
3263 3770 1
3264 4584 0
3265 4184 0
3266 4680 0
3267 4719 0
3268 1669 0
3269 3524 1
3270 4949 0
3271 4675 0
3272 3484 1
3273 4963 0
3274 4584 0
3275 2238 0
3276 4786 0
3277 4873 0
3278 4648 0
3279 4025 0
3280 4919 0
3281 4576 0
3282 4975 0
3283 3835 1
3284 4593 0
3285 4369 0
3286 727 1
3287 1658 1
3288 4781 0
3289 4372 0
3290 4142 0
3291 2370 1
3292 4927 0
3293 4792 0
3294 4311 0
3295 4515 0
3296 4157 0
3297 4922 0
3298 4250 0
3299 4682 0
3300 4451 0
3301 4558 0
3302 4978 0
3303 4673 0
3304 4967 0
3305 4964 0
3306 3106 0
3307 4411 0
3308 4681 0
3309 2530 1
3310 4391 0
3311 3150 0
3312 4645 0
3313 5046 0
3314 4676 0
3315 4794 0
3316 4915 0
3317 5123 0
3318 4029 0
3319 3170 1
3320 4803 0
3321 4333 0
3322 3329 0
3323 4725 0
3324 4589 0
3325 4779 0
3326 4564 0
3327 4610 1
3328 4578 0
3329 4956 0
3330 3288 0
3331 5096 0
3332 4962 0
3333 1355 1
3334 4395 0
3335 2811 0
3336 4941 0
3337 4984 0
3338 4793 0
3339 4326 0
3340 4897 0
3341 4674 0
3342 2202 0
3343 557 1
3344 4648 0
3345 1887 0
3346 4759 0
3347 4096 1
3348 2497 1
3349 4675 0
3350 4519 0
3351 3193 1
3352 4655 0
3353 4908 0
3354 4557 0
3355 4194 0
3356 4810 0
3357 535 0
3358 4088 0
3359 2514 0
3360 4760 0
3361 4104 0
3362 4236 0
3363 4857 0
3364 4871 0
3365 3334 0
3366 4416 0
3367 3123 1
3368 4664 0
3369 4773 0
3370 2225 0
3371 3841 1
3372 1398 1
3373 3620 0
3374 1844 1
3375 2615 1
3376 4160 1
3377 4908 0
3378 4715 0
3379 2839 0
3380 303 1
3381 4696 0
3382 3925 0
3383 4859 0
3384 4821 0
3385 4829 0
3386 4125 0
3387 3963 0
3388 4927 0
3389 4842 0
3390 4326 0
3391 4830 0
3392 4808 0
3393 2443 0
3394 3312 0
3395 4291 0
3396 4493 0
3397 3952 1
3398 4957 0
3399 4365 0
3400 4898 0
3401 2361 1
3402 4688 0
3403 3800 1
3404 1855 1
3405 4689 0
3406 3716 0
3407 4955 0
3408 2517 1
3409 4927 0
3410 4824 0
3411 5076 0
3412 4866 0
3413 664 1
3414 5083 0
3415 3886 0
3416 4339 0
3417 4641 0
3418 4985 0
3419 4140 1
3420 4596 0
3421 4086 0
3422 3573 1
3423 4078 0
3424 4506 0
3425 318 1
3426 4844 0
3427 3507 0
3428 4926 0
3429 46 1
3430 4413 1
3431 5055 0
3432 4585 0
3433 4703 0
3434 4793 0
3435 4925 0
3436 3165 0
3437 4801 0
3438 4865 0
3439 1722 1
3440 4800 0
3441 4193 0
3442 4590 0
3443 4880 0
3444 4897 0
3445 4646 0
3446 4543 0
3447 4823 0
3448 2541 0
3449 4680 0
3450 4977 0
3451 4926 0
3452 4928 0
3453 145 1
3454 3694 1
3455 4976 0
3456 4667 0
3457 3926 0
3458 2534 1
3459 574 0
3460 5046 0
3461 285 1
3462 4639 0
3463 3707 0
3464 3653 0
3465 4484 0
3466 4373 0
3467 4789 0
3468 4921 0
3469 3533 0
3470 4708 0
3471 3066 0
3472 4636 1
3473 4641 0
3474 4785 0
3475 4514 0
3476 4663 0
3477 4871 0
3478 3946 0
3479 3774 0
3480 4550 0
3481 4887 0
3482 4921 0
3483 4971 0
3484 4209 0
3485 3400 0
3486 4161 1
3487 4123 0
3488 4919 0
3489 4369 1
3490 686 1
3491 4549 0
3492 4613 0
3493 4264 0
3494 4121 0
3495 4621 0
3496 249 1
3497 1985 1
3498 3535 0
3499 2605 0
3500 2605 0
3501 1454 1
3502 4956 0
3503 4788 0
3504 2997 1
3505 2162 0
3506 3402 1
3507 2174 0
3508 2667 1
3509 4542 0
3510 3707 0
3511 4794 0
3512 2513 1
3513 4589 0
3514 4926 0
3515 4275 0
3516 2902 0
3517 3459 0
3518 3331 0
3519 4989 0
3520 4911 0
3521 4618 0
3522 14 1
3523 4976 0
3524 4702 0
3525 4918 0
3526 4046 0
3527 4457 0
3528 4228 0
3529 3917 0
3530 4653 0
3531 4598 1
3532 772 1
3533 4731 0
3534 4324 0
3535 4166 0
3536 553 1
3537 5003 0
3538 4941 0
3539 4409 1
3540 4793 0
3541 3989 0
3542 677 1
3543 4526 0
3544 4604 0
3545 4578 0
3546 4459 0
3547 1714 1
3548 4561 0
3549 4648 0
3550 4579 0
3551 4822 0
3552 4470 0
3553 4113 0
3554 4156 0
3555 5002 0
3556 4303 0
3557 4184 0
3558 2295 0
3559 4647 0
3560 2346 1
3561 994 0
3562 4709 0
3563 4852 0
3564 3834 1
3565 4891 0
3566 2911 0
3567 3122 0
3568 4492 0
3569 4190 0
3570 3982 0
3571 3521 0
3572 3862 0
3573 2195 0
3574 4899 0
3575 4808 0
3576 2073 0
3577 4939 0
3578 4656 0
3579 1998 0
3580 4907 0
3581 2805 1
3582 4817 0
3583 4450 0
3584 2300 0
3585 3770 0
3586 4918 0
3587 4855 0
3588 4894 0
3589 4977 0
3590 4075 0
3591 4925 0
3592 4081 0
3593 4416 0
3594 4956 0
3595 4977 0
3596 4619 1
3597 4911 0
3598 4914 0
3599 4636 0
3600 4956 0
3601 4514 0
3602 4948 0
3603 4249 0
3604 3627 0
3605 4703 0
3606 2388 1
3607 2317 0
3608 4278 0
3609 4576 0
3610 4868 1
3611 4919 0
3612 3285 0
3613 3856 1
3614 3856 0
3615 74 1
3616 2316 0
3617 939 1
3618 4573 0
3619 2046 0
3620 4905 0
3621 4750 1
3622 4862 0
3623 1128 1
3624 2001 1
3625 4467 1
3626 4483 0
3627 4583 0
3628 3666 0
3629 1064 1
3630 4877 0
3631 479 1
3632 4871 0
3633 2188 1
3634 4988 0
3635 4681 0
3636 4631 0
3637 4173 0
3638 4878 0
3639 55 1
3640 4906 0
3641 4858 0
3642 3999 1
3643 4620 0
3644 4451 0
3645 3939 0
3646 2190 1
3647 4683 0
3648 2973 0
3649 3854 0
3650 3212 0
3651 4922 0
3652 4908 0
3653 2409 0
3654 4774 1
3655 3004 0
3656 4043 0
3657 2154 1
3658 2740 1
3659 4276 0
3660 4949 0
3661 3807 0
3662 4065 0
3663 2218 0
3664 4549 0
3665 3799 0
3666 2268 0
3667 3827 0
3668 4856 0
3669 3086 0
3670 4695 0
3671 4401 0
3672 230 0
3673 1597 1
3674 4662 0
3675 2295 0
3676 4905 0
3677 4799 0
3678 3419 0
3679 2977 1
3680 4913 0
3681 3348 1
3682 1430 1
3683 3627 0
3684 4866 0
3685 4836 0
3686 4779 1
3687 4863 0
3688 4605 0
3689 4928 0
3690 4561 0
3691 1419 1
3692 4757 0
3693 1028 1
3694 3483 0
3695 4130 0
3696 5002 0
3697 4941 0
3698 4850 0
3699 4598 0
3700 4906 0
3701 4310 0
3702 1441 1
3703 4824 0
3704 3991 0
3705 4823 0
3706 300 0
3707 3112 0
3708 4719 0
3709 4488 0
3710 4733 0
3711 4242 0
3712 4757 0
3713 4874 0
3714 2226 0
3715 4254 1
3716 4034 1
3717 4577 0
3718 4604 0
3719 4949 0
3720 3315 0
3721 1277 1
3722 4259 0
3723 4667 0
3724 4024 0
3725 2900 0
3726 4731 0
3727 4429 0
3728 4827 0
3729 2665 1
3730 3929 1
3731 1931 0
3732 4999 0
3733 4543 0
3734 4408 0
3735 5177 0
3736 4795 0
3737 4639 0
3738 4865 0
3739 4885 0
3740 2303 0
3741 4578 0
3742 1442 0
3743 4193 0
3744 4925 0
3745 2258 0
3746 3513 0
3747 4467 0
3748 4949 0
3749 4906 0
3750 3015 0
3751 4898 0
3752 4466 0
3753 4808 0
3754 4250 0
3755 4356 0
3756 3984 0
3757 4823 0
3758 4620 0
3759 4925 0
3760 4040 0
3761 4768 0
3762 3725 0
3763 3846 1
3764 4428 0
3765 4004 0
3766 4911 0
3767 3270 1
3768 1007 1
3769 4428 0
3770 4921 0
3771 4632 0
3772 2296 0
3773 4737 0
3774 4592 0
3775 4739 0
3776 656 1
3777 4578 0
3778 4978 0
3779 1619 1
3780 5053 0
3781 4848 0
3782 4422 0
3783 4800 0
3784 4946 0
3785 3036 0
3786 1108 1
3787 4701 0
3788 4886 0
3789 4716 0
3790 3968 0
3791 4970 0
3792 4893 0
3793 975 1
3794 2052 0
3795 4835 0
3796 2074 1
3797 3288 0
3798 3844 1
3799 4793 0
3800 4514 1
3801 4548 0
3802 4467 1
3803 4975 0
3804 1520 0
3805 4920 0
3806 4583 0
3807 4831 0
3808 1 0
3809 4631 0
3810 4991 0
3811 4738 0
3812 4827 0
3813 4995 0
3814 4490 0
3815 4898 0
3816 4709 0
3817 4478 0
3818 2198 0
3819 4052 0
3820 4739 0
3821 4960 0
3822 4877 0
3823 3234 0
3824 5011 0
3825 4919 0
3826 4992 0
3827 4850 0
3828 4661 0
3829 4795 0
3830 4878 0
3831 4977 0
3832 3875 1
3833 4348 0
3834 4949 0
3835 4604 0
3836 4920 0
3837 2378 1
3838 4831 0
3839 4085 0
3840 4808 0
3841 4060 0
3842 3863 1
3843 4926 0
3844 3840 1
3845 4906 0
3846 4683 0
3847 375 1
3848 4897 0
3849 4280 0
3850 3290 0
3851 2307 0
3852 4821 0
3853 4413 0
3854 3051 1
3855 2567 1
3856 3885 0
3857 4697 0
3858 4985 0
3859 4374 0
3860 4641 0
3861 4731 0
3862 3359 1
3863 4894 0
3864 4676 0
3865 4116 0
3866 4941 0
3867 4870 0
3868 3813 1
3869 4556 0
3870 4598 0
3871 3830 0
3872 4312 0
3873 4949 0
3874 1632 0
3875 5004 0
3876 4820 0
3877 4578 0
3878 502 1
3879 2861 1
3880 4698 0
3881 4948 0
3882 4775 0
3883 2970 1
3884 3093 0
3885 2980 0
3886 4822 0
3887 4920 0
3888 5090 0
3889 4883 0
3890 4872 0
3891 4830 0
3892 2239 1
3893 2240 0
3894 4164 0
3895 4746 0
3896 3827 0
3897 95 1
3898 4897 0
3899 4913 0
3900 4927 0
3901 2510 0
3902 2877 0
3903 2983 1
3904 3640 0
3905 4794 0
3906 3531 1
3907 4643 0
3908 4941 0
3909 265 1
3910 1522 1
3911 4800 1
3912 4383 0
3913 4011 0
3914 4656 0
3915 4837 0
3916 4985 0
3917 1831 1
3918 4047 1
3919 4894 0
3920 3871 0
3921 4831 0
3922 3263 0
3923 4806 0
3924 4144 0
3925 4905 0
3926 3886 0
3927 1975 0
3928 1458 1
3929 4319 0
3930 4988 0
3931 4785 0
3932 4470 0
3933 2177 0
3934 144 1
3935 4591 0
3936 4864 0
3937 4702 0
3938 3821 0
3939 4870 0
3940 4754 0
3941 2770 0
3942 4660 0
3943 4543 0
3944 4626 0
3945 4592 0
3946 4773 0
3947 1841 1
3948 4194 0
3949 3711 0
3950 4971 0
3951 4961 0
3952 2290 0
3953 4626 0
3954 4934 0
3955 4970 0
3956 5171 0
3957 4603 0
3958 4702 0
3959 4582 0
3960 4733 0
3961 4220 0
3962 4789 0
3963 4787 0
3964 4061 0
3965 4911 0
3966 4481 0
3967 4030 0
3968 3539 1
3969 4468 0
3970 3769 1
3971 4583 0
3972 4343 1
3973 4955 0
3974 3375 0
3975 4887 0
3976 3481 1
3977 4914 0
3978 632 1
3979 4922 0
3980 4908 0
3981 4915 0
3982 4138 1
3983 4688 0
3984 5139 0
3985 4059 0
3986 4753 0
3987 4703 0
3988 4722 0
3989 2849 1
3990 157 1
3991 1883 0
3992 176 1
3993 4765 0
3994 3854 0
3995 4653 0
3996 4162 0
3997 4918 0
3998 4990 0
3999 4680 0
4000 3975 0
4001 3700 0
4002 4876 0
4003 449 0
4004 4008 0
4005 4950 0
4006 5005 0
4007 4779 0
4008 5004 0
4009 919 0
4010 4772 0
4011 4780 0
4012 4659 0
4013 4612 0
4014 4485 0
4015 4159 0
4016 4689 0
4017 4823 0
4018 4828 0
4019 5082 0
4020 1378 1
4021 2735 1
4022 3179 0
4023 4920 0
4024 4981 0
4025 4270 0
4026 2297 0
4027 3547 0
4028 4623 0
4029 4822 0
4030 4765 0
4031 4710 0
4032 4313 0
4033 4890 0
4034 5068 0
4035 3834 0
4036 4564 0
4037 4872 0
4038 4575 0
4039 3624 0
4040 3973 0
4041 3242 1
4042 4703 0
4043 4310 0
4044 3318 0
4045 4992 0
4046 4214 0
4047 2528 1
4048 3241 0
4049 5068 0
4050 4498 0
4051 4296 0
4052 3303 0
4053 4957 0
4054 4313 0
4055 1131 0
4056 4530 1
4057 602 1
4058 4892 0
4059 4962 0
4060 4544 0
4061 4799 0
4062 4997 0
4063 1146 0
4064 4528 0
4065 4421 1
4066 2253 0
4067 4963 0
4068 63 0
4069 3204 1
4070 2532 0
4071 4864 0
4072 2792 1
4073 3352 0
4074 2004 1
4075 4758 0
4076 4983 0
4077 4983 0
4078 4007 0
4079 3807 0
4080 4421 0
4081 804 1
4082 749 0
4083 4541 0
4084 155 1
4085 4618 0
4086 792 1
4087 3542 0
4088 4061 0
4089 894 1
4090 2691 1
4091 4655 0
4092 3933 0
4093 4654 0
4094 4212 0
4095 1654 1
4096 4843 0
4097 4698 0
4098 4921 0
4099 5118 0
4100 4625 0
4101 4368 0
4102 4877 0
4103 4816 0
4104 4807 0
4105 5004 0
4106 1925 1
4107 4892 0
4108 4458 0
4109 4864 0
4110 70 1
4111 4165 0
4112 3665 0
4113 4905 0
4114 3847 0
4115 4990 0
4116 4822 0
4117 1590 0
4118 4593 0
4119 4212 1
4120 1583 0
4121 3217 0
4122 4018 1
4123 245 0
4124 4815 0
4125 4760 0
4126 4880 0
4127 4640 0
4128 2843 1
4129 4932 0
4130 4946 0
4131 4948 0
4132 167 1
4133 4627 0
4134 2194 0
4135 4752 0
4136 4950 0
4137 694 1
4138 4793 0
4139 4708 0
4140 4747 0
4141 4731 0
4142 4276 0
4143 4841 0
4144 4999 0
4145 4617 0
4146 4856 0
4147 4877 0
4148 951 1
4149 3561 0
4150 78 1
4151 4635 0
4152 3513 0
4153 343 0
4154 2829 0
4155 47 1
4156 4953 0
4157 4143 0
4158 3990 0
4159 4687 0
4160 4509 0
4161 765 0
4162 4963 0
4163 4715 0
4164 3700 0
4165 3549 0
4166 4997 0
4167 4820 0
4168 3922 1
4169 4740 0
4170 4593 0
4171 4578 0
4172 4557 0
4173 4809 0
4174 2899 0
4175 4725 0
4176 3499 0
4177 4999 0
4178 4719 0
4179 4947 0
4180 4921 0
4181 4949 0
4182 4365 0
4183 4821 0
4184 4921 0
4185 1140 1
4186 4835 0
4187 4918 0
4188 3734 1
4189 4416 0
4190 4759 0
4191 2655 0
4192 4512 0
4193 4950 0
4194 4704 0
4195 4771 0
4196 3 0
4197 4971 0
4198 4991 0
4199 4754 0
4200 4864 0
4201 2741 1
4202 4915 0
4203 4634 0
4204 4810 0
4205 450 1
4206 4890 0
4207 4837 0
4208 1216 1
4209 4925 0
4210 4992 0
4211 4999 0
4212 4787 0
4213 4914 0
4214 3597 0
4215 4313 0
4216 4927 0
4217 3912 1
4218 4828 0
4219 3974 0
4220 4971 0
4221 3927 0
4222 4631 0
4223 4062 1
4224 4410 0
4225 2254 0
4226 3010 0
4227 2322 0
4228 4180 0
4229 4138 0
4230 4618 0
4231 4408 0
4232 4695 0
4233 4569 0
4234 4291 0
4235 3333 0
4236 4005 1
4237 4969 0
4238 4656 0
4239 5104 0
4240 4250 0
4241 4704 0
4242 4642 0
4243 3129 0
4244 1893 0
4245 3702 0
4246 2267 0
4247 4947 0
4248 4892 0
4249 4978 0
4250 3437 0
4251 4621 0
4252 601 1
4253 4551 0
4254 4751 0
4255 4885 0
4256 4808 0
4257 3395 0
4258 2273 0
4259 4598 0
4260 4612 0
4261 4899 0
4262 2170 1
4263 4802 0
4264 4180 0
4265 124 1
4266 4283 0
4267 18 1
4268 4571 0
4269 4449 0
4270 4633 0
4271 2842 0
4272 4919 0
4273 4099 0
4274 4921 0
4275 4485 0
4276 4059 0
4277 5034 0
4278 4957 0
4279 4708 0
4280 1912 0
4281 4717 0
4282 2323 0
4283 1225 0
4284 4894 0
4285 3793 0
4286 4830 0
4287 4786 0
4288 4723 0
4289 5054 0
4290 4956 0
4291 2511 0
4292 4768 0
4293 4982 0
4294 4088 0
4295 4913 0
4296 4560 0
4297 4848 0
4298 4866 0
4299 4817 0
4300 2255 0
4301 4558 0
4302 4922 0
4303 4813 0
4304 4992 0
4305 3584 0
4306 4613 0
4307 4795 0
4308 4977 0
4309 4822 0
4310 3010 0
4311 4004 0
4312 4372 0
4313 2944 1
4314 2536 1
4315 2964 1
4316 3555 1
4317 4837 0
4318 4669 0
4319 4864 0
4320 4829 0
4321 2652 1
4322 4831 0
4323 4939 0
4324 4786 0
4325 4985 0
4326 2239 0
4327 4670 0
4328 2237 0
4329 4892 0
4330 4520 0
4331 4680 0
4332 2192 0
4333 4702 0
4334 4688 0
4335 4856 0
4336 4829 0
4337 819 0
4338 4702 0
4339 971 1
4340 4961 0
4341 4533 0
4342 4729 0
4343 3863 0
4344 4918 0
4345 3638 1
4346 4774 0
4347 4771 0
4348 3563 0
4349 4374 0
4350 4583 0
4351 4893 0
4352 4459 0
4353 3076 1
4354 4836 0
4355 2195 0
4356 4949 0
4357 4444 0
4358 3315 0
4359 5102 0
4360 1814 0
4361 4921 0
4362 4970 0
4363 4753 0
4364 5055 0
4365 4333 0
4366 4666 0
4367 4925 0
4368 4774 0
4369 4204 0
4370 4928 0
4371 3899 1
4372 6 1
4373 4697 0
4374 4911 0
4375 5004 0
4376 4978 0
4377 4957 0
4378 4618 0
4379 4992 0
4380 4393 0
4381 4887 0
4382 3986 1
4383 4618 0
4384 5003 0
4385 4950 0
4386 1592 1
4387 4066 0
4388 156 1
4389 4807 0
4390 4799 0
4391 4767 0
4392 4955 0
4393 4843 0
4394 2556 1
4395 5004 0
4396 4941 0
4397 4919 0
4398 4620 0
4399 4976 0
4400 4432 0
4401 3507 0
4402 4400 0
4403 2705 1
4404 4793 0
4405 4821 0
4406 703 1
4407 3994 0
4408 4933 0
4409 4920 0
4410 4789 0
4411 4844 0
4412 3458 0
4413 4795 0
4414 4850 0
4415 2482 1
4416 4257 0
4417 3569 0
4418 4330 0
4419 4771 0
4420 3430 0
4421 4814 0
4422 4543 0
4423 5046 0
4424 4324 0
4425 2190 0
4426 4746 0
4427 2017 1
4428 4982 0
4429 1765 0
4430 4921 0
4431 4949 0
4432 2325 0
4433 4607 0
4434 4891 0
4435 934 0
4436 2649 1
4437 3954 0
4438 4437 0
4439 3543 0
4440 4904 0
4441 4801 0
4442 4753 0
4443 2329 0
4444 2297 1
4445 4347 1
4446 4816 0
4447 4561 0
4448 2918 0
4449 4997 0
4450 1497 0
4451 5047 0
4452 4976 0
4453 2242 0
4454 550 0
4455 3899 0
4456 4291 0
4457 4983 0
4458 4999 0
4459 3431 0
4460 3996 0
4461 4703 0
4462 4711 0
4463 2604 0
4464 887 1
4465 682 1
4466 4589 0
4467 4551 0
4468 4729 0
4469 4928 0
4470 471 1
4471 4465 0
4472 4683 0
4473 4850 0
4474 4540 0
4475 4857 0
4476 4834 0
4477 3325 1
4478 4281 0
4479 3771 0
4480 4347 0
4481 4028 1
4482 2041 1
4483 4262 0
4484 4995 0
4485 2233 0
4486 3276 0
4487 4995 0
4488 3384 1
4489 2189 0
4490 4934 0
4491 4865 0
4492 1656 1
4493 3429 0
4494 4262 0
4495 4862 0
4496 3542 0
4497 4933 0
4498 4012 0
4499 5046 0
4500 2812 0
4501 4355 0
4502 4288 0
4503 4978 0
4504 4834 0
4505 4632 0
4506 4787 0
4507 4278 0
4508 3666 0
4509 4485 0
4510 3787 0
4511 1614 1
4512 3152 1
4513 2476 1
4514 4221 0
4515 4655 0
4516 4291 0
4517 4975 0
4518 4928 0
4519 4452 0
4520 1872 1
4521 3705 0
4522 5003 0
4523 4922 0
4524 4872 0
4525 2852 1
4526 4849 0
4527 3564 0
4528 4967 0
4529 4862 0
4530 4977 0
4531 4822 0
4532 334 1
4533 4443 0
4534 3414 1
4535 4673 0
4536 2816 1
4537 4821 0
4538 4663 0
4539 2021 1
4540 4652 0
4541 4661 0
4542 4253 0
4543 4248 0
4544 4750 0
4545 4449 0
4546 4983 0
4547 2149 0
4548 4443 0
4549 5059 0
4550 4290 0
4551 4803 0
4552 2384 0
4553 4810 0
4554 3079 0
4555 4701 0
4556 4311 0
4557 3632 0
4558 1998 1
4559 4772 0
4560 4603 0
4561 3312 0
4562 4523 0
4563 4928 0
4564 3889 0
4565 5090 0
4566 4975 0
4567 4970 0
4568 5118 0
4569 1341 1
4570 3168 0
4571 2302 0
4572 4569 0
4573 3797 1
4574 4033 0
4575 4541 0
4576 163 1
4577 4883 0
4578 4733 0
4579 1884 0
4580 4780 1
4581 2018 1
4582 4004 0
4583 4260 0
4584 5017 0
4585 310 0
4586 4922 0
4587 4831 0
4588 4918 0
4589 4808 0
4590 4991 0
4591 4345 0
4592 62 0
4593 4343 0
4594 3532 0
4595 4408 0
4596 4181 0
4597 4620 0
4598 3930 0
4599 4962 0
4600 4698 0
4601 4257 0
4602 4660 0
4603 4213 0
4604 4975 0
4605 612 1
4606 4808 0
4607 4415 0
4608 4983 0
4609 4438 0
4610 4995 0
4611 4905 0
4612 4718 0
4613 4906 0
4614 4969 0
4615 3877 0
4616 2770 1
4617 4584 0
4618 4001 0
4619 2187 1
4620 2914 1
4621 4806 0
4622 1462 0
4623 4998 0
4624 4803 0
4625 2872 0
4626 4971 0
4627 4884 0
4628 4901 0
4629 4730 0
4630 4787 0
4631 2240 0
4632 199 0
4633 3817 1
4634 4656 0
4635 3104 1
4636 4316 0
4637 4991 0
4638 3231 1
4639 3983 0
4640 3604 0
4641 4080 0
4642 4864 0
4643 3891 0
4644 217 0
4645 4998 0
4646 4646 0
4647 3859 1
4648 3977 0
4649 4414 1
4650 4438 0
4651 4092 0
4652 4633 0
4653 4956 0
4654 4820 0
4655 4999 0
4656 4990 0
4657 4739 0
4658 4596 0
4659 4676 0
4660 4676 0
4661 4926 0
4662 4887 0
4663 3085 0
4664 5003 0
4665 3876 1
4666 4774 0
4667 4997 0
4668 4822 0
4669 4046 0
4670 4674 0
4671 4851 0
4672 4976 0
4673 4911 0
4674 4800 0
4675 4464 0
4676 4990 0
4677 3722 0
4678 4724 0
4679 4925 0
4680 4960 0
4681 2836 0
4682 4981 0
4683 4488 0
4684 4732 0
4685 4960 0
4686 1256 0
4687 4009 0
4688 141 0
4689 4824 0
4690 4246 0
4691 69 1
4692 4663 0
4693 4558 0
4694 4601 0
4695 3874 0
4696 4373 0
4697 4787 0
4698 4975 0
4699 4982 0
4700 4634 0
4701 4242 0
4702 4695 0
4703 990 0
4704 982 0
4705 4607 0
4706 4057 0
4707 4803 0
4708 4877 0
4709 4836 0
4710 4257 0
4711 20 1
4712 2288 0
4713 4736 0
4714 4997 0
4715 4991 0
4716 4787 0
4717 4179 0
4718 812 0
4719 4892 0
4720 4024 0
4721 1897 0
4722 3704 0
4723 2224 0
4724 3093 0
4725 4736 0
4726 4752 0
4727 3975 0
4728 5003 0
4729 4982 0
4730 4682 0
4731 4460 0
4732 1525 0
4733 4437 0
4734 4740 0
4735 2266 0
4736 4740 0
4737 4439 0
4738 4499 0
4739 4689 0
4740 4737 0
4741 4240 0
4742 4631 0
4743 3151 0
4744 1490 0
4745 4891 1
4746 3573 0
4747 4625 0
4748 4779 0
4749 3954 0
4750 4365 0
4751 3531 1
4752 4306 0
4753 4963 0
4754 4508 0
4755 1 0
4756 4996 0
4757 4416 0
4758 4946 0
4759 4886 0
4760 4732 0
4761 4786 0
4762 4774 0
4763 4978 0
4764 2286 0
4765 4639 0
4766 1558 1
4767 4773 0
4768 4990 0
4769 3506 0
4770 3846 0
4771 4089 0
4772 4886 0
4773 2968 0
4774 4656 0
4775 3426 0
4776 4687 0
4777 4640 0
4778 4922 0
4779 4872 0
4780 4310 1
4781 4186 0
4782 4506 0
4783 4458 0
4784 4915 0
4785 4478 0
4786 3311 0
4787 4072 0
4788 4554 0
4789 4905 0
4790 4691 0
4791 4621 0
4792 4887 0
4793 4792 0
4794 4673 0
4795 4201 0
4796 4555 0
4797 4687 0
4798 4431 0
4799 494 1
4800 4688 0
4801 1872 0
4802 4991 0
4803 4689 0
4804 1971 0
4805 4402 0
4806 4667 0
4807 3162 0
4808 4501 0
4809 2868 1
4810 4472 0
4811 4585 0
4812 3340 0
4813 4698 0
4814 4915 0
4815 4933 0
4816 4575 0
4817 2771 0
4818 4816 0
4819 1577 0
4820 4031 0
4821 3715 0
4822 4997 0
4823 4673 0
4824 4807 0
4825 4898 0
4826 2489 0
4827 4381 0
4828 4268 0
4829 3687 0
4830 367 1
4831 4688 0
4832 4536 0
4833 4995 0
4834 4726 0
4835 4772 0
4836 4703 0
4837 2191 0
4838 4927 0
4839 1235 0
4840 4927 0
4841 4829 0
4842 4401 0
4843 4261 0
4844 3951 1
4845 4946 0
4846 2287 1
4847 4268 0
4848 4890 0
4849 3850 0
4850 4372 0
4851 4158 0
4852 4981 0
4853 3938 0
4854 4971 0
4855 4547 0
4856 4731 0
4857 4928 1
4858 2749 1
4859 4808 0
4860 4656 0
4861 4990 0
4862 4695 0
4863 4227 0
4864 4521 0
4865 2505 0
4866 4661 0
4867 3602 0
4868 3967 0
4869 4675 0
4870 4934 0
4871 2232 0
4872 4407 0
4873 4493 0
4874 4553 0
4875 4471 0
4876 4143 0
4877 4509 0
4878 4974 0
4879 2855 0
4880 4593 0
4881 3751 0
4882 4948 0
4883 4939 0
4884 4632 0
4885 762 0
4886 4873 0
4887 4955 0
4888 4897 0
4889 4997 0
4890 2823 0
4891 3004 0
4892 4872 0
4893 2996 1
4894 4576 0
4895 4703 0
4896 4987 0
4897 4502 0
4898 4533 0
4899 4726 0
4900 4270 0
4901 4809 0
4902 1657 0
4903 4978 0
4904 4396 0
4905 1024 1
4906 4892 0
4907 4803 0
4908 3987 0
4909 2579 1
4910 1684 1
4911 4640 0
4912 1342 0
4913 4640 0
4914 3860 1
4915 1960 1
4916 3475 1
4917 4367 0
4918 4983 0
4919 4837 0
4920 4880 0
4921 4851 0
4922 4837 0
4923 4703 0
4924 4688 0
4925 3752 0
4926 3276 0
4927 4757 0
4928 4514 0
4929 3959 0
4930 4578 0
4931 4536 0
4932 4960 0
4933 4869 0
4934 3721 0
4935 4338 0
4936 4953 0
4937 4921 0
4938 4043 0
4939 2148 1
4940 3527 0
4941 4688 0
4942 4957 0
4943 1594 1
4944 3968 0
4945 5005 0
4946 4953 0
4947 2449 0
4948 4251 1
4949 4854 0
4950 4842 0
4951 4705 0
4952 4701 0
4953 4130 0
4954 4393 0
4955 4900 0
4956 4663 0
4957 4387 0
4958 4869 0
4959 4281 0
4960 2716 0
4961 3106 0
4962 3926 0
4963 4683 0
4964 4932 0
4965 4464 0
4966 4501 0
4967 4914 0
4968 4844 0
4969 3067 1
4970 4804 0
4971 4722 0
4972 1243 0
4973 4163 0
4974 4898 0
4975 4612 0
4976 2261 0
4977 13 0
4978 3955 0
4979 4554 0
4980 3065 0
4981 4864 0
4982 4905 0
4983 4913 0
4984 4487 0
4985 4193 0
4986 4620 0
4987 4472 0
4988 1915 0
4989 4257 0
4990 4911 0
4991 4738 0
4992 399 0
4993 4805 1
4994 3896 0
4995 4382 0
4996 2665 0
4997 3975 0
4998 4872 0
4999 4089 0
5000 4345 0
5001 4619 0
5002 2226 0
5003 2873 1
5004 3507 0
5005 4151 0
5006 4900 0
5007 4220 0
5008 2791 0
5009 4260 0
5010 4729 0
5011 2504 0
5012 2240 0
5013 3206 0
5014 4934 0
5015 3182 1
5016 4673 0
5017 3277 0
5018 4500 0
5019 2801 0
5020 2272 0
5021 3415 0
5022 4883 0
5023 3 1
5024 4061 0
5025 4820 0
5026 4891 0
5027 4383 0
5028 2899 1
5029 4674 0
5030 3547 0
5031 4698 0
5032 4779 0
5033 5003 0
5034 4946 0
5035 371 0
5036 4059 0
5037 4439 0
5038 4908 0
5039 4689 0
5040 2226 0
5041 4543 0
5042 4977 0
5043 4779 0
5044 4632 0
5045 4617 0
5046 4607 0
5047 3574 0
5048 4449 0
5049 4933 0
5050 4870 0
5051 4829 0
5052 4785 0
5053 4586 0
5054 2261 0
5055 4802 0
5056 4739 0
5057 2169 0
5058 4593 0
5059 4846 0
5060 4702 0
5061 4613 0
5062 4437 0
5063 4712 0
5064 4582 0
5065 4408 0
5066 4641 0
5067 3843 0
5068 4795 0
5069 4788 0
5070 3625 0
5071 374 0
5072 3087 0
5073 4087 0
5074 3556 0
5075 4383 0
5076 4919 0
5077 4883 0
5078 3545 1
5079 3529 0
5080 4740 0
5081 4794 0
5082 4210 0
5083 4820 0
5084 4838 0
5085 2994 0
5086 4009 0
5087 4962 0
5088 4425 0
5089 4725 0
5090 2135 1
5091 4478 0
5092 4990 0
5093 5171 0
5094 2870 0
5095 4820 0
5096 4768 0
5097 4306 0
5098 4963 0
5099 4795 0
5100 4444 0
5101 3878 0
5102 4757 0
5103 4960 0
5104 4981 0
5105 4726 0
5106 4088 0
5107 3487 0
5108 880 0
5109 4817 0
5110 4085 1
5111 4305 0
5112 4649 0
5113 4046 0
5114 4624 0
5115 4589 0
5116 4128 1
5117 1979 1
5118 4913 0
5119 4394 0
5120 1834 1
5121 4801 0
5122 8 0
5123 3790 0
5124 4604 0
5125 4865 0
5126 4732 0
5127 4915 0
5128 4989 0
5129 4396 0
5130 4764 0
5131 203 1
5132 4016 0
5133 2797 0
5134 4960 0
5135 4795 0
5136 4803 0
5137 4536 0
5138 4856 0
5139 4130 0
5140 4850 0
5141 3744 0
5142 4930 0
5143 4925 0
5144 4740 0
5145 3631 0
5146 4576 0
5147 4066 0
5148 3854 0
5149 2989 0
5150 4989 0
5151 3203 0
5152 4347 0
5153 3948 0
5154 4149 0
5155 3066 1
5156 4258 1
5157 2994 0
5158 639 1
5159 4950 0
5160 4890 0
5161 4033 0
5162 4676 0
5163 3569 0
5164 4617 0
5165 3974 0
5166 4773 0
5167 4849 0
5168 4991 0
5169 4654 0
5170 4788 0
5171 4862 0
5172 4983 0
5173 4926 0
5174 5118 0
5175 2262 0
5176 2346 0
5177 4009 0
5178 4618 0
5179 3802 1
5180 4653 0
5181 2912 0
5182 4569 0
5183 4948 0
5184 4835 0
5185 4562 0
5186 33 1
5187 3948 0
5188 2226 0
5189 4508 0
5190 3220 0
5191 5102 0
5192 4683 0
5193 3862 0
5194 4661 0
5195 2708 1
5196 3597 0
5197 3347 0
5198 3465 0
5199 3780 0
5200 1848 0
5201 3379 0
5202 4578 0
5203 2314 0
5204 4605 0
5205 4795 0
5206 4950 0
5207 4773 0
5208 2535 0
5209 839 0
5210 3674 0
5211 1798 1
5212 4687 0
5213 5089 0
5214 4925 0
5215 4551 0
5216 4962 0
5217 1404 1
5218 3570 0
5219 2676 1
5220 4828 0
5221 4893 0
5222 2773 1
5223 4998 1
5224 4953 0
5225 4991 0
5226 4827 0
5227 4579 0
5228 4281 0
5229 852 0
5230 4600 0
5231 4921 0
5232 3597 1
5233 2018 1
5234 4724 0
5235 3915 0
5236 5080 0
5237 4254 0
5238 4890 0
5239 4953 0
5240 4747 0
5241 4466 0
5242 4751 0
5243 3450 0
5244 3991 0
5245 4885 0
5246 4883 0
5247 4851 0
5248 2260 0
5249 4421 0
5250 3679 0
5251 4624 0
5252 4568 0
5253 1818 1
5254 4894 0
5255 4501 0
5256 3837 0
5257 3882 0
5258 3619 0
5259 3116 1
5260 3136 0
5261 1009 1
5262 2514 0
5263 4409 0
5264 4484 0
5265 4766 0
5266 4999 0
5267 4885 0
5268 4870 0
5269 924 1
5270 1711 0
5271 4217 0
5272 4691 0
5273 4085 0
5274 3525 0
5275 2297 0
5276 4375 0
5277 4887 0
5278 3920 0
5279 4963 0
5280 4953 0
5281 2309 0
5282 3172 0
5283 4516 0
5284 4653 0
5285 4035 0
5286 4990 0
5287 4892 0
5288 2311 0
5289 4295 0
5290 2471 0
5291 4843 0
5292 4877 0
5293 4984 0
5294 4682 0
5295 4915 0
5296 4855 0
5297 593 1
5298 4920 0
5299 4528 0
5300 4397 0
5301 4883 0
5302 4548 0
5303 4890 0
5304 4759 0
5305 4977 0
5306 989 1
5307 4988 0
5308 4822 0
5309 1227 1
5310 4660 0
5311 4590 0
5312 3535 0
5313 4309 0
5314 3981 0
5315 4941 0
5316 4102 0
5317 2503 1
5318 4509 0
5319 3046 0
5320 4362 0
5321 4933 0
5322 4996 0
5323 4792 0
5324 3779 0
5325 4687 0
5326 4590 0
5327 4962 0
5328 226 1
5329 4913 0
5330 5005 0
5331 4915 0
5332 4397 1
5333 4964 0
5334 4997 0
5335 3957 0
5336 4388 0
5337 4977 0
5338 3461 0
5339 4915 0
5340 4106 0
5341 4604 0
5342 4631 0
5343 4691 0
5344 4278 0
5345 4919 0
5346 4898 0
5347 1688 1
5348 5055 0
5349 4577 0
5350 4921 0
5351 4269 0
5352 3371 0
5353 4872 0
5354 4810 0
5355 4787 0
5356 4514 0
5357 2912 1
5358 4947 0
5359 4002 0
5360 4828 0
5361 4138 0
5362 410 1
5363 4152 0
5364 4078 0
5365 4695 0
5366 1890 0
5367 4949 0
5368 3401 0
5369 4691 0
5370 7 0
5371 4970 0
5372 3601 1
5373 4487 0
5374 4810 0
5375 4325 0
5376 4576 0
5377 4732 0
5378 4519 0
5379 4976 0
5380 4927 0
5381 3765 0
5382 4645 0
5383 4852 0
5384 1465 0
5385 4948 0
5386 4362 0
5387 4009 0
5388 4928 0
5389 4633 0
5390 3203 0
5391 4865 0
5392 4491 0
5393 3696 0
5394 3718 0
5395 3289 0
5396 4754 0
5397 4045 0
5398 3765 0
5399 4675 0
5400 4219 0
5401 4892 0
5402 4655 0
5403 4921 0
5404 3101 0
5405 4101 0
5406 4542 0
5407 4947 0
5408 4862 0
5409 4808 0
5410 2653 1
5411 4920 0
5412 4200 0
5413 305 1
5414 5096 0
5415 4852 0
5416 4985 0
5417 4828 0
5418 926 1
5419 157 1
5420 4745 0
5421 2232 0
5422 4474 0
5423 4901 0
5424 4554 0
5425 454 1
5426 4974 0
5427 2459 1
5428 4032 0
5429 4612 0
5430 3270 1
5431 4871 0
5432 4822 0
5433 1499 0
5434 4946 0
5435 4415 0
5436 4108 0
5437 3885 0
5438 4863 0
5439 4905 0
5440 2613 1
5441 2020 0
5442 3460 1
5443 4859 0
5444 4901 0
5445 4397 0
5446 4704 0
5447 4891 0
5448 4225 0
5449 3123 1
5450 4978 0
5451 2294 1
5452 4649 0
5453 86 1
5454 2657 0
5455 4554 0
5456 3216 0
5457 4857 0
5458 2699 0
5459 4747 0
5460 4703 0
5461 4989 0
5462 4976 0
5463 3651 0
5464 6 0
5465 4680 0
5466 4970 0
5467 4625 0
5468 4352 0
5469 3199 0
5470 4752 0
5471 4649 0
5472 4618 0
5473 3205 0
5474 4799 0
5475 4711 0
5476 4997 0
5477 4955 0
5478 3697 0
5479 1 0
5480 4682 0
5481 4488 0
5482 4698 0
5483 4611 0
5484 4711 0
5485 794 0
5486 4947 0
5487 4877 0
5488 4877 0
5489 3981 0
5490 4956 0
5491 3260 0
5492 584 0
5493 3276 0
5494 2811 1
5495 3934 1
5496 15 1
5497 4618 0
5498 4878 0
5499 4932 0
5500 3031 1
5501 4115 0
5502 4576 0
5503 3815 0
5504 3754 0
5505 4624 0
5506 4848 0
5507 4844 0
5508 4851 0
5509 4864 0
5510 2706 1
5511 2854 0
5512 4541 0
5513 4831 0
5514 3262 0
5515 4201 0
5516 4985 0
5517 4569 0
5518 4111 1
5519 4282 1
5520 4962 0
5521 4631 0
5522 2908 1
5523 4655 0
5524 1729 0
5525 4593 0
5526 4950 0
5527 4159 0
5528 3635 0
5529 4726 0
5530 4082 0
5531 4939 0
5532 4404 0
5533 4932 0
5534 2237 0
5535 4221 0
5536 4638 0
5537 4893 0
5538 4319 0
5539 4996 0
5540 4364 0
5541 3228 0
5542 4610 1
5543 4953 0
5544 4900 0
5545 4557 0
5546 4926 0
5547 4575 0
5548 4033 0
5549 116 1
5550 4605 0
5551 3120 0
5552 4508 0
5553 4191 0
5554 5081 0
5555 4250 0
5556 4613 0
5557 2190 0
5558 4171 0
5559 4421 0
5560 4975 0
5561 4124 0
5562 925 0
5563 4396 0
5564 4886 0
5565 4965 0
5566 4824 0
5567 4893 0
5568 4571 0
5569 4626 0
5570 3675 0
5571 4579 0
5572 3966 0
5573 4793 0
5574 4989 0
5575 376 1
5576 2251 0
5577 3659 0
5578 4546 0
5579 4138 0
5580 4550 0
5581 1408 1
5582 4327 1
5583 4996 0
5584 4619 0
5585 3217 1
5586 3507 0
5587 4362 0
5588 4781 0
5589 4228 0
5590 4922 0
5591 1730 1
5592 3045 0
5593 4771 0
5594 4787 0
5595 4848 0
5596 4276 0
5597 2702 1
5598 4802 0
5599 5052 0
5600 3537 0
5601 4862 0
5602 2288 1
5603 4995 0
5604 4948 0
5605 4912 0
5606 4669 0
5607 4976 0
5608 4592 0
5609 4850 0
5610 3248 1
5611 3032 0
5612 4981 0
5613 4851 0
5614 4926 0
5615 3792 0
5616 2504 0
5617 4190 1
5618 4789 0
5619 3280 0
5620 4941 0
5621 4899 0
5622 4141 0
5623 2856 0
5624 4575 0
5625 4473 0
5626 3515 0
5627 4604 0
5628 2286 0
5629 4892 0
5630 214 1
5631 4528 0
5632 4073 0
5633 4137 0
5634 4291 0
5635 4414 0
5636 4897 0
5637 3063 0
5638 532 1
5639 3436 1
5640 1810 1
5641 4558 0
5642 4262 0
5643 4891 0
5644 1837 0
5645 4856 0
5646 4319 0
5647 2688 0
5648 4592 0
5649 4293 0
5650 4894 0
5651 4295 0
5652 4643 0
5653 4492 0
5654 2815 0
5655 4459 0
5656 4866 0
5657 1338 1
5658 4029 0
5659 4052 0
5660 4296 0
5661 2160 0
5662 3620 0
5663 3224 0
5664 3934 0
5665 4882 1
5666 4817 0
5667 4829 0
5668 649 0
5669 3436 0
5670 484 0
5671 4558 0
5672 4738 0
5673 4607 0
5674 4071 0
5675 288 0
5676 3323 0
5677 5003 0
5678 4585 0
5679 4719 0
5680 3826 0
5681 2956 0
5682 4919 0
5683 2134 0
5684 4738 0
5685 2943 1
5686 2296 0
5687 1708 0
5688 4424 0
5689 4542 0
5690 2453 0
5691 3544 1
5692 5002 0
5693 4731 0
5694 4989 0
5695 4339 0
5696 3337 0
5697 4541 0
5698 4264 0
5699 2550 0
5700 3879 0
5701 4982 0
5702 4708 0
5703 1484 1
5704 4590 0
5705 3864 1
5706 469 0
5707 1077 0
5708 2226 0
5709 4493 0
5710 4641 0
5711 4626 0
5712 3008 0
5713 4606 0
5714 3744 1
5715 4759 0
5716 4366 0
5717 4633 0
5718 3541 0
5719 3826 0
5720 4397 0
5721 3932 0
5722 2549 0
5723 4849 0
5724 3912 0
5725 2281 0
5726 4527 0
5727 3502 0
5728 4851 0
5729 2141 0
5730 4905 0
5731 4180 0
5732 4474 0
5733 4824 0
5734 4264 0
5735 2513 0
5736 4992 0
5737 4911 0
5738 3518 0
5739 4997 0
5740 3924 0
5741 3925 0
5742 5096 0
5743 3274 1
5744 4197 0
5745 4232 0
5746 3781 0
5747 4813 0
5748 976 1
5749 4695 0
5750 4897 0
5751 3889 0
5752 4584 0
5753 4754 0
5754 4585 0
5755 3130 0
5756 3228 0
5757 4555 0
5758 4697 0
5759 4740 0
5760 3485 0
5761 4949 0
5762 4325 0
5763 4884 0
5764 649 1
5765 3910 0
5766 4663 0
5767 4988 0
5768 4957 0
5769 2213 0
5770 3009 0
5771 4626 0
5772 4688 0
5773 2941 0
5774 4303 0
5775 4541 0
5776 4096 0
5777 2426 1
5778 2781 0
5779 2786 1
5780 3829 0
5781 4906 0
5782 5053 0
5783 4995 0
5784 1126 1
5785 4919 0
5786 4921 0
5787 4561 0
5788 2042 0
5789 4404 0
5790 2685 1
5791 2093 1
5792 4330 0
5793 4808 0
5794 4311 0
5795 4978 0
5796 4948 0
5797 4954 0
5798 4941 0
5799 981 0
5800 2346 1
5801 4722 0
5802 2524 0
5803 4878 0
5804 4586 0
5805 4971 0
5806 1090 1
5807 4068 0
5808 3035 0
5809 4751 0
5810 4170 0
5811 3217 0
5812 4440 0
5813 3709 0
5814 4269 0
5815 4051 0
5816 4689 0
5817 3539 0
5818 4838 0
5819 4408 0
5820 4591 0
5821 377 0
5822 4887 0
5823 4816 0
5824 4991 0
5825 4295 0
5826 4978 0
5827 4465 0
5828 2195 0
5829 4100 0
5830 4779 0
5831 4871 0
5832 4235 0
5833 4753 0
5834 4915 0
5835 4921 0
5836 4282 0
5837 4894 0
5838 3281 0
5839 4302 0
5840 4764 0
5841 2835 0
5842 4950 0
5843 4411 0
5844 4528 0
5845 4708 0
5846 4953 0
5847 5060 0
5848 3827 0
5849 270 1
5850 2507 0
5851 2444 0
5852 5053 0
5853 4052 0
5854 3420 0
5855 4922 0
5856 4978 0
5857 4438 0
5858 3681 0
5859 4018 0
5860 4947 0
5861 3364 0
5862 4481 0
5863 3619 0
5864 4121 0
5865 2856 0
5866 4841 0
5867 2577 1
5868 4529 0
5869 1155 1
5870 4877 0
5871 4611 0
5872 2530 0
5873 4842 0
5874 4150 0
5875 4807 0
5876 4234 0
5877 4954 0
5878 4939 0
5879 4659 0
5880 4653 0
5881 4499 0
5882 4526 0
5883 4620 0
5884 4675 0
5885 4340 0
5886 3211 0
5887 4355 0
5888 2790 1
5889 382 0
5890 4675 0
5891 3401 0
5892 4493 0
5893 4826 0
5894 4185 0
5895 4472 0
5896 4501 0
5897 4439 0
5898 4761 0
5899 4189 0
5900 4939 0
5901 4565 0
5902 4884 0
5903 4772 0
5904 1294 0
5905 3696 0
5906 4609 0
5907 4368 0
5908 4632 0
5909 4291 0
5910 1744 1
5911 4253 0
5912 1940 1
5913 4906 0
5914 4682 0
5915 4397 0
5916 4835 0
5917 4443 0
5918 2511 0
5919 4978 0
5920 4852 0
5921 4855 0
5922 2863 0
5923 4975 0
5924 1479 1
5925 4814 0
5926 566 0
5927 4992 0
5928 4605 0
5929 2301 0
5930 5187 0
5931 3447 1
5932 4976 0
5933 4843 0
5934 4589 0
5935 4809 0
5936 4095 0
5937 4711 0
5938 4219 0
5939 4626 0
5940 4290 0
5941 6 0
5942 4542 0
5943 4605 0
5944 4464 0
5945 1777 1
5946 4764 0
5947 4612 0
5948 3640 0
5949 4192 0
5950 3852 0
5951 4649 0
5952 4134 0
5953 4509 0
5954 4996 0
5955 4920 0
5956 4627 0
5957 4821 0
5958 4940 0
5959 2300 0
5960 4313 0
5961 2265 1
5962 4662 0
5963 4449 0
5964 2543 1
5965 4912 0
5966 4484 0
5967 3172 0
5968 3613 0
5969 4848 0
5970 3877 0
5971 4845 0
5972 3843 1
5973 4486 0
5974 4851 0
5975 4653 0
5976 4918 0
5977 4989 0
5978 3045 0
5979 4710 0
5980 3485 0
5981 3056 1
5982 4750 0
5983 19 1
5984 3128 1
5985 4234 0
5986 4978 0
5987 4688 0
5988 3490 0
5989 4533 0
5990 4898 0
5991 2492 0
5992 4922 0
5993 2943 0
5994 2978 0
5995 4198 0
5996 4296 0
5997 4872 0
5998 3744 0
5999 4544 0
6000 4261 0
6001 4799 0
6002 4152 0
6003 1903 0
6004 936 1
6005 4668 0
6006 4796 0
6007 4865 0
6008 4919 0
6009 4611 0
6010 2357 0
6011 4668 0
6012 3823 0
6013 3249 1
6014 4197 0
6015 4610 0
6016 4843 0
6017 4220 0
6018 4499 0
6019 5026 0
6020 4316 0
6021 3143 0
6022 4998 0
6023 4004 0
6024 4849 0
6025 4409 0
6026 4752 0
6027 4515 0
6028 4190 0
6029 4148 0
6030 4183 0
6031 4227 0
6032 4771 0
6033 4264 0
6034 746 1
6035 4114 1
6036 1107 1
6037 4493 0
6038 4988 0
6039 4533 0
6040 5166 0
6041 4661 0
6042 4736 0
6043 4675 0
6044 3269 0
6045 3323 1
6046 4834 0
6047 4876 0
6048 4928 0
6049 4514 0
6050 4234 0
6051 4316 0
6052 4505 0
6053 2100 0
6054 3868 0
6055 4926 0
6056 4281 0
6057 4607 0
6058 5002 0
6059 3002 0
6060 3445 0
6061 2933 0
6062 4457 0
6063 4216 0
6064 4844 0
6065 4073 0
6066 4389 0
6067 4752 0
6068 4845 0
6069 4440 0
6070 234 1
6071 4912 0
6072 1194 1
6073 4521 0
6074 4921 0
6075 3823 0
6076 4836 0
6077 448 0
6078 4166 0
6079 3831 0
6080 4527 0
6081 4438 1
6082 4920 0
6083 4214 0
6084 4589 0
6085 4254 0
6086 2318 0
6087 3733 0
6088 4117 1
6089 3714 0
6090 4877 0
6091 162 1
6092 4135 1
6093 3273 0
6094 2754 0
6095 4815 0
6096 4172 0
6097 2300 0
6098 2161 1
6099 4675 0
6100 4565 0
6101 4618 0
6102 3602 0
6103 4814 0
6104 307 1
6105 4514 0
6106 4506 0
6107 4051 0
6108 4554 0
6109 3078 0
6110 4932 0
6111 4732 0
6112 4954 0
6113 4215 0
6114 4950 0
6115 4975 0
6116 14 0
6117 4947 0
6118 2286 0
6119 2470 0
6120 1134 1
6121 3512 0
6122 4292 0
6123 4868 0
6124 3518 0
6125 4262 0
6126 4689 0
6127 2281 0
6128 3211 1
6129 4787 0
6130 2891 0
6131 4083 1
6132 4904 0
6133 2411 0
6134 3508 1
6135 4785 0
6136 4549 0
6137 4359 0
6138 4589 0
6139 2505 0
6140 4816 0
6141 4416 0
6142 476 0
6143 4275 0
6144 4883 0
6145 4606 0
6146 4340 0
6147 4928 0
6148 3378 1
6149 4841 0
6150 3085 0
6151 4382 0
6152 286 1
6153 2340 1
6154 1376 1
6155 4030 0
6156 3070 1
6157 4164 0
6158 4009 1
6159 5094 0
6160 4239 0
6161 4172 0
6162 4947 0
6163 4899 0
6164 4957 0
6165 4792 0
6166 4191 1
6167 4736 0
6168 4919 0
6169 225 0
6170 3934 0
6171 1251 1
6172 4536 0
6173 4659 0
6174 4493 0
6175 2276 1
6176 4543 0
6177 3802 0
6178 4983 0
6179 4997 0
6180 9 0
6181 3689 0
6182 4662 0
6183 3758 1
6184 4533 0
6185 4841 0
6186 4369 0
6187 5053 0
6188 3862 0
6189 4939 0
6190 4502 0
6191 2287 0
6192 4990 0
6193 4640 0
6194 4813 0
6195 4419 0
6196 4824 0
6197 4606 0
6198 3809 0
6199 3299 0
6200 4932 0
6201 4131 0
6202 3666 0
6203 4816 0
6204 4900 0
6205 4838 0
6206 3989 0
6207 4366 0
6208 4870 0
6209 3948 0
6210 1226 0
6211 4586 0
6212 4596 0
6213 4934 0
6214 4948 0
6215 4922 0
6216 4037 0
6217 4498 0
6218 4686 0
6219 4809 0
6220 3135 0
6221 3528 0
6222 4949 0
6223 4766 0
6224 4638 0
6225 392 0
6226 5060 0
6227 2786 0
6228 4397 0
6229 4704 0
6230 2307 0
6231 3804 0
6232 4831 0
6233 4852 0
6234 2269 0
6235 4893 0
6236 4220 0
6237 2233 0
6238 4343 0
6239 582 0
6240 3663 0
6241 2281 0
6242 157 0
6243 4975 0
6244 4479 0
6245 4178 0
6246 3977 0
6247 518 0
6248 4535 0
6249 4080 0
6250 4997 0
6251 4492 0
6252 2302 0
6253 3577 0
6254 4058 0
6255 4932 0
6256 3112 0
6257 3354 0
6258 5004 0
6259 4999 0
6260 4862 0
6261 3558 0
6262 2869 0
6263 4115 0
6264 4851 0
6265 4996 0
6266 2276 0
6267 4557 0
6268 3433 0
6269 4954 0
6270 2904 0
6271 4228 0
6272 4593 0
6273 4561 0
6274 4589 0
6275 4017 0
6276 4865 0
6277 1648 0
6278 4648 0
6279 3245 0
6280 4880 0
6281 2993 0
6282 3512 1
6283 4325 0
6284 4541 0
6285 4388 0
6286 2312 1
6287 4548 0
6288 4150 0
6289 4119 1
6290 2513 0
6291 4494 0
6292 2898 0
6293 3273 0
6294 4925 0
6295 4900 0
6296 2492 0
6297 2835 0
6298 4501 0
6299 4828 0
6300 4044 0
6301 345 1
6302 4178 0
6303 4649 0
6304 2507 0
6305 2854 0
6306 1879 0
6307 4228 0
6308 2280 0
6309 4556 0
6310 3263 0
6311 4821 0
6312 4794 0
6313 4144 0
6314 329 1
6315 550 0
6316 671 0
6317 3023 0
6318 67 0
6319 4247 0
6320 4213 0
6321 4267 0
6322 4076 0
6323 4913 0
6324 553 1
6325 3119 0
6326 4893 0
6327 4589 0
6328 4625 0
6329 34 1
6330 3352 0
6331 4766 0
6332 705 0
6333 4984 0
6334 291 1
6335 4694 0
6336 667 1
6337 4367 0
6338 4897 0
6339 3582 0
6340 4676 0
6341 4948 0
6342 4558 0
6343 4928 0
6344 4127 0
6345 2933 0
6346 4642 0
6347 4680 0
6348 2197 0
6349 4536 0
6350 1843 1
6351 2938 0
6352 4946 0
6353 3647 0
6354 3664 0
6355 4880 0
6356 4337 0
6357 4816 1
6358 4165 1
6359 4173 0
6360 4948 0
6361 4219 0
6362 4547 0
6363 4331 0
6364 4829 0
6365 4916 0
6366 4060 0
6367 60 0
6368 4227 0
6369 4738 0
6370 3945 0
6371 3702 0
6372 4687 0
6373 122 1
6374 4831 0
6375 4759 0
6376 1462 0
6377 4290 0
6378 2889 0
6379 4095 0
6380 4183 0
6381 4712 0
6382 4643 0
6383 2974 0
6384 4502 0
6385 4995 0
6386 4901 0
6387 3322 0
6388 5089 0
6389 3364 0
6390 4115 0
6391 4733 0
6392 3134 1
6393 4522 0
6394 4949 0
6395 292 0
6396 4549 0
6397 4639 0
6398 4726 0
6399 4605 0
6400 4207 0
6401 4822 0
6402 4913 0
6403 4788 0
6404 4677 0
6405 3023 0
6406 70 1
6407 4919 0
6408 4869 0
6409 4409 0
6410 3665 0
6411 4956 0
6412 4884 0
6413 4079 0
6414 4158 0
6415 4982 0
6416 4008 0
6417 2225 0
6418 4633 0
6419 4668 0
6420 3318 0
6421 2304 0
6422 609 0
6423 4698 0
6424 2184 1
6425 2280 0
6426 3218 0
6427 3459 0
6428 4900 0
6429 4606 0
6430 3214 0
6431 4907 0
6432 2619 1
6433 3877 0
6434 3567 0
6435 4451 0
6436 4803 0
6437 4302 0
6438 4975 0
6439 4814 0
6440 687 0
6441 4080 0
6442 4869 0
6443 4767 0
6444 3865 0
6445 4429 0
6446 4962 0
6447 4528 0
6448 4124 0
6449 4038 0
6450 3401 0
6451 4460 0
6452 4652 0
6453 4492 0
6454 3370 0
6455 3590 0
6456 4316 0
6457 4460 0
6458 4752 0
6459 4674 0
6460 4583 0
6461 4089 0
6462 4191 0
6463 4130 0
6464 4369 0
6465 4870 0
6466 4732 0
6467 3241 0
6468 4220 0
6469 3056 1
6470 4904 0
6471 4837 0
6472 4694 0
6473 4130 0
6474 4220 0
6475 4167 1
6476 4339 0
6477 4027 0
6478 4859 0
6479 4241 0
6480 4767 0
6481 2945 0
6482 4773 0
6483 5005 0
6484 4855 0
6485 4711 0
6486 4458 0
6487 4222 0
6488 4250 0
6489 4403 0
6490 4904 0
6491 4416 0
6492 4990 0
6493 3906 0
6494 1097 1
6495 2170 0
6496 4242 0
6497 2295 0
6498 4801 0
6499 4451 0
6500 4120 0
6501 4450 0
6502 1535 0
6503 3799 1
6504 4536 0
6505 4402 0
6506 3959 0
6507 2498 0
6508 4247 0
6509 4717 0
6510 4688 0
6511 4582 0
6512 4876 0
6513 4470 0
6514 832 1
6515 4699 0
6516 4141 0
6517 1330 0
6518 4730 0
6519 2269 0
6520 4368 0
6521 4872 0
6522 4523 0
6523 3673 0
6524 3518 0
6525 4859 0
6526 3876 0
6527 4998 0
6528 3486 0
6529 4052 0
6530 4962 0
6531 2547 0
6532 4820 0
6533 2238 0
6534 4193 0
6535 4356 0
6536 3515 0
6537 4458 0
6538 4575 0
6539 3017 0
6540 4984 0
6541 4149 0
6542 2099 0
6543 2972 1
6544 4728 0
6545 4061 0
6546 3110 1
6547 4547 0
6548 3181 0
6549 3702 0
6550 2244 0
6551 4821 0
6552 4858 0
6553 4891 0
6554 4305 0
6555 4505 0
6556 4949 0
6557 4744 1
6558 4915 0
6559 4955 0
6560 4988 0
6561 4290 0
6562 3276 0
6563 4603 0
6564 4214 0
6565 4640 0
6566 4991 0
6567 4610 0
6568 4753 0
6569 4621 0
6570 4659 0
6571 4632 0
6572 1706 1
6573 4796 0
6574 4871 0
6575 4823 0
6576 3413 0
6577 4302 0
6578 4687 0
6579 4710 0
6580 3282 1
6581 4543 0
6582 4985 0
6583 3771 0
6584 4977 0
6585 4578 0
6586 4829 0
6587 4978 0
6588 3844 1
6589 4781 0
6590 4422 0
6591 4967 0
6592 2822 0
6593 4308 0
6594 4752 0
6595 4281 0
6596 3864 0
6597 4689 0
6598 3620 0
6599 1939 1
6600 4851 0
6601 4498 0
6602 433 0
6603 4507 0
6604 4285 0
6605 4914 0
6606 4678 0
6607 4618 0
6608 4057 0
6609 4683 0
6610 4990 0
6611 4585 0
6612 4394 0
6613 4761 0
6614 4514 0
6615 2315 0
6616 4691 0
6617 4950 0
6618 4050 0
6619 4621 0
6620 1 0
6621 3851 0
6622 4313 0
6623 4754 0
6624 4985 0
6625 3121 0
6626 4913 0
6627 3808 0
6628 4467 0
6629 4593 0
6630 2290 0
6631 4915 0
6632 4845 0
6633 2159 1
6634 4821 0
6635 4946 0
6636 4662 0
6637 4737 0
6638 4841 0
6639 4767 0
6640 4481 0
6641 4922 0
6642 3819 0
6643 4592 0
6644 1504 1
6645 2309 0
6646 2272 0
6647 4225 0
6648 4676 0
6649 3892 0
6650 1008 0
6651 3323 0
6652 4501 0
6653 4575 0
6654 4941 0
6655 2910 0
6656 3834 0
6657 3113 0
6658 4459 0
6659 3835 0
6660 4656 0
6661 4170 0
6662 4841 0
6663 3774 0
6664 4764 0
6665 4550 0
6666 3460 0
6667 2289 0
6668 4954 0
6669 4476 0
6670 4040 0
6671 4284 0
6672 4128 0
6673 4415 0
6674 4346 0
6675 4674 0
6676 2751 0
6677 4113 0
6678 2960 0
6679 3553 0
6680 4463 0
6681 4567 1
6682 1945 0
6683 641 0
6684 2329 0
6685 1836 0
6686 4092 0
6687 4309 0
6688 4906 0
6689 3332 0
6690 4660 0
6691 3690 0
6692 1058 0
6693 3872 0
6694 7 1
6695 3533 0
6696 2825 0
6697 4178 0
6698 4464 0
6699 3730 0
6700 4747 0
6701 3792 0
6702 4670 0
6703 4583 0
6704 3729 0
6705 4897 0
6706 4878 0
6707 4677 0
6708 4619 0
6709 4604 0
6710 4443 0
6711 4725 0
6712 3835 0
6713 3557 0
6714 3574 0
6715 4535 0
6716 5005 0
6717 4873 0
6718 4702 0
6719 4530 0
6720 4123 0
6721 4124 0
6722 2207 0
6723 2794 0
6724 4680 0
6725 4904 0
6726 2303 0
6727 4925 0
6728 4969 0
6729 4970 0
6730 4653 0
6731 4844 0
6732 2311 0
6733 4827 0
6734 4352 0
6735 4948 0
6736 4688 0
6737 4191 0
6738 3815 0
6739 4765 0
6740 4676 0
6741 3418 0
6742 3246 0
6743 3214 0
6744 4599 0
6745 4124 0
6746 4148 0
6747 4547 0
6748 3524 0
6749 3255 0
6750 245 0
6751 1185 1
6752 4645 0
6753 3500 0
6754 4890 0
6755 4422 0
6756 4821 0
6757 4536 0
6758 4589 0
6759 4213 0
6760 4655 0
6761 3017 0
6762 804 1
6763 3289 0
6764 3547 1
6765 4912 0
6766 4912 0
6767 4722 0
6768 3841 0
6769 4954 0
6770 4568 0
6771 4614 0
6772 3313 1
6773 4946 0
6774 4634 0
6775 4206 0
6776 4950 0
6777 4249 0
6778 226 1
6779 875 0
6780 2239 0
6781 4243 0
6782 1451 0
6783 4925 0
6784 3466 0
6785 4695 0
6786 4367 0
6787 3703 0
6788 4227 0
6789 3417 0
6790 3988 0
6791 4578 0
6792 4697 0
6793 4848 0
6794 4984 0
6795 3547 0
6796 4757 0
6797 61 1
6798 2134 0
6799 4361 0
6800 2297 0
6801 4633 0
6802 3087 0
6803 3798 0
6804 2807 0
6805 2714 0
6806 2289 0
6807 4570 0
6808 2688 0
6809 3294 0
6810 4276 0
6811 4893 0
6812 3598 0
6813 4126 1
6814 4632 0
6815 4604 0
6816 4652 0
6817 4534 0
6818 3830 0
6819 4494 0
6820 4899 0
6821 4667 0
6822 3451 0
6823 2241 0
6824 4939 0
6825 4405 1
6826 4681 0
6827 4834 0
6828 4247 0
6829 4995 0
6830 3144 1
6831 4193 0
6832 4941 0
6833 251 1
6834 4829 0
6835 1653 1
6836 4856 0
6837 4583 0
6838 1752 1
6839 4429 0
6840 4766 0
6841 297 0
6842 3613 0
6843 3191 0
6844 3962 0
6845 8 0
6846 3554 0
6847 4877 0
6848 4113 0
6849 4416 0
6850 4543 0
6851 4303 0
6852 296 0
6853 4536 0
6854 3814 1
6855 2310 0
6856 3092 0
6857 4759 0
6858 4607 0
6859 3849 0
6860 4872 0
6861 1705 0
6862 4515 0
6863 4381 0
6864 2301 0
6865 3976 0
6866 4345 0
6867 4303 0
6868 2238 0
6869 4873 0
6870 4653 0
6871 4849 0
6872 3658 0
6873 4593 0
6874 4584 0
6875 3365 1
6876 5132 0
6877 4919 0
6878 4656 0
6879 4872 0
6880 3303 0
6881 16 0
6882 3392 0
6883 4950 0
6884 3899 0
6885 3493 0
6886 4026 0
6887 2279 0
6888 4844 0
6889 3805 0
6890 3064 0
6891 4533 0
6892 3766 0
6893 4595 0
6894 4725 0
6895 4641 0
6896 1943 0
6897 4269 0
6898 1587 1
6899 4354 0
6900 1764 1
6901 4638 0
6902 4121 0
6903 3337 0
6904 4933 0
6905 4485 0
6906 4842 0
6907 2294 0
6908 4592 0
6909 4839 0
6910 4674 0
6911 2272 0
6912 4794 0
6913 4526 0
6914 2234 0
6915 4215 0
6916 2867 0
6917 4217 0
6918 4823 0
6919 4978 0
6920 4639 0
6921 1609 1
6922 4385 0
6923 3456 0
6924 4634 0
6925 1264 0
6926 3896 0
6927 2607 1
6928 4767 0
6929 4668 0
6930 2977 0
6931 2314 0
6932 2288 0
6933 4708 0
6934 4283 0
6935 3606 0
6936 4911 0
6937 4696 0
6938 4705 0
6939 1468 1
6940 4484 0
6941 3749 1
6942 4254 0
6943 3897 0
6944 259 1
6945 4027 1
6946 4977 0
6947 4675 0
6948 2792 0
6949 4264 0
6950 85 1
6951 2740 1
6952 1340 1
6953 4848 0
6954 4481 0
6955 1003 0
6956 406 1
6957 4219 0
6958 4337 0
6959 4206 0
6960 4843 0
6961 3002 0
6962 4346 0
6963 4852 0
6964 3822 0
6965 3213 0
6966 2955 1
6967 4177 0
6968 4905 0
6969 2314 0
6970 4813 0
6971 2321 0
6972 4354 1
6973 4656 0
6974 3274 0
6975 5088 0
6976 4787 1
6977 4143 0
6978 4482 0
6979 4158 0
6980 4100 0
6981 2191 0
6982 3441 0
6983 4526 0
6984 3785 0
6985 4855 0
6986 3794 0
6987 3981 0
6988 5004 0
6989 4995 0
6990 4647 0
6991 451 0
6992 4458 0
6993 3794 0
6994 4963 0
6995 4817 0
6996 3569 0
6997 4656 0
6998 4981 0
6999 4410 0
7000 4011 0
7001 2187 0
7002 4719 0
7003 2192 0
7004 4387 0
7005 2269 0
7006 4912 0
7007 4130 0
7008 4990 0
7009 4201 0
7010 4915 0
7011 4963 0
7012 1026 1
7013 3132 1
7014 4635 0
7015 4727 0
7016 1675 0
7017 4645 0
7018 2238 0
7019 4899 0
7020 4897 0
7021 4831 0
7022 4159 0
7023 4656 0
7024 3515 0
7025 4964 0
7026 4439 0
7027 4883 0
7028 2938 0
7029 3360 0
7030 5090 0
7031 4925 0
7032 3534 0
7033 3373 0
7034 4949 0
7035 4362 0
7036 4987 0
7037 4522 0
7038 3623 0
7039 2702 0
7040 4729 0
7041 4809 0
7042 4855 0
7043 4661 0
7044 4255 0
7045 2307 0
7046 4600 0
7047 4988 0
7048 4193 0
7049 4649 0
7050 4304 0
7051 4614 0
7052 4535 0
7053 4603 0
7054 4723 0
7055 2232 0
7056 295 1
7057 4838 0
7058 4975 0
7059 3555 0
7060 4582 0
7061 4431 0
7062 4796 0
7063 2274 0
7064 4970 0
7065 3835 0
7066 2279 0
7067 4365 0
7068 3830 0
7069 4614 0
7070 4556 0
7071 2848 0
7072 4355 0
7073 803 1
7074 3281 0
7075 4711 0
7076 4478 0
7077 4094 0
7078 3952 0
7079 2204 0
7080 4400 0
7081 4404 0
7082 4528 0
7083 16 0
7084 4681 0
7085 4788 0
7086 211 0
7087 3645 0
7088 756 1
7089 4519 0
7090 4761 0
7091 2310 0
7092 3212 1
7093 845 1
7094 4758 0
7095 4866 0
7096 4549 0
7097 2751 0
7098 3228 0
7099 3955 0
7100 3792 0
7101 4940 0
7102 4918 0
7103 4978 0
7104 3078 0
7105 4688 0
7106 4620 0
7107 4624 0
7108 4715 0
7109 4885 0
7110 4444 0
7111 4072 0
7112 4757 0
7113 4788 0
7114 3914 0
7115 3788 0
7116 4766 0
7117 2923 0
7118 2048 0
7119 4226 0
7120 4908 0
7121 4306 0
7122 4437 0
7123 4991 0
7124 2287 0
7125 4001 0
7126 4591 0
7127 4850 0
7128 4649 0
7129 4141 0
7130 4499 0
7131 3653 0
7132 3303 0
7133 4855 0
7134 1868 0
7135 3302 0
7136 4915 0
7137 4632 0
7138 4227 0
7139 4829 0
7140 3798 0
7141 4694 0
7142 4834 0
7143 4648 0
7144 4977 0
7145 4400 0
7146 4082 0
7147 1451 0
7148 4999 0
7149 3990 0
7150 3165 0
7151 4894 0
7152 2411 0
7153 4898 0
7154 4095 0
7155 4740 0
7156 4038 0
7157 4913 0
7158 4837 0
7159 4066 0
7160 4221 0
7161 4995 0
7162 4530 0
7163 4352 0
7164 4395 0
7165 4969 0
7166 4662 0
7167 4410 0
7168 3324 1
7169 4087 0
7170 4792 0
7171 2239 0
7172 1921 1
7173 4760 0
7174 2224 0
7175 4983 0
7176 4872 0
7177 2215 1
7178 2214 0
7179 740 0
7180 4634 0
7181 4824 0
7182 3918 0
7183 4871 0
7184 4584 0
7185 3597 0
7186 4557 0
7187 4400 0
7188 4551 0
7189 3402 0
7190 4359 0
7191 4977 0
7192 4701 0
7193 4472 0
7194 2549 0
7195 3245 0
7196 4989 0
7197 4961 0
7198 4383 0
7199 3668 0
7200 4982 0
7201 4662 0
7202 4548 0
7203 4786 0
7204 4388 0
7205 4590 0
7206 4885 0
7207 3988 0
7208 5068 0
7209 4200 0
7210 3843 0
7211 4974 0
7212 4589 0
7213 4849 0
7214 5124 0
7215 3721 0
7216 4669 0
7217 4642 0
7218 4697 0
7219 4632 0
7220 4787 0
7221 2301 0
7222 4640 0
7223 61 0
7224 3857 0
7225 4759 0
7226 4971 0
7227 2348 1
7228 4989 0
7229 908 1
7230 638 1
7231 5075 0
7232 4400 0
7233 4003 0
7234 3162 0
7235 4694 0
7236 4802 0
7237 983 1
7238 4915 0
7239 4991 0
7240 4632 0
7241 4619 0
7242 4897 0
7243 5073 0
7244 4687 0
7245 3932 0
7246 3555 0
7247 4353 0
7248 4984 0
7249 3898 0
7250 4835 0
7251 4673 0
7252 1478 1
7253 3787 0
7254 4739 0
7255 4928 0
7256 4913 0
7257 4381 0
7258 4880 0
7259 4389 0
7260 4772 0
7261 4541 0
7262 4484 0
7263 4638 0
7264 4981 0
7265 4921 0
7266 4081 0
7267 4953 0
7268 3241 0
7269 4835 0
7270 4879 0
7271 4842 0
7272 4687 0
7273 4568 0
7274 4141 0
7275 4666 0
7276 4939 0
7277 4989 0
7278 4527 0
7279 2279 0
7280 4744 1
7281 4656 0
7282 4920 0
7283 5132 0
7284 5130 0
7285 4691 0
7286 4631 0
7287 1718 1
7288 4788 0
7289 4761 0
7290 12 0
7291 4953 0
7292 4558 0
7293 4324 0
7294 4635 0
7295 4396 0
7296 3989 0
7297 4246 0
7298 399 0
7299 4911 0
7300 4085 0
7301 4213 0
7302 1413 0
7303 4837 0
7304 3487 0
7305 4372 0
7306 4654 0
7307 3305 0
7308 4913 0
7309 2261 0
7310 4883 0
7311 4982 0
7312 2386 0
7313 296 0
7314 4992 0
7315 4754 0
7316 5003 0
7317 4904 0
7318 3010 0
7319 4600 0
7320 4724 0
7321 4515 0
7322 4113 0
7323 4047 0
7324 4975 0
7325 4547 0
7326 4795 0
7327 2279 0
7328 3992 0
7329 3203 1
7330 4957 0
7331 4325 0
7332 2200 0
7333 4549 0
7334 3009 0
7335 3675 0
7336 4407 0
7337 4880 0
7338 4873 0
7339 4395 0
7340 4037 0
7341 4656 0
7342 4941 0
7343 4858 0
7344 1977 1
7345 2321 0
7346 4787 0
7347 5082 0
7348 4400 0
7349 4774 0
7350 2234 0
7351 4743 0
7352 4661 0
7353 4170 0
7354 3459 0
7355 2206 0
7356 4592 0
7357 4315 1
7358 2972 0
7359 4344 0
7360 4108 0
7361 3298 0
7362 4367 0
7363 4337 0
7364 4481 0
7365 4415 0
7366 4318 0
7367 4773 0
7368 4907 0
7369 3557 0
7370 4750 0
7371 4628 0
7372 4648 0
7373 4920 0
7374 4246 0
7375 4584 0
7376 2490 0
7377 3982 0
7378 4369 0
7379 1378 1
7380 2277 1
7381 4694 0
7382 4941 0
7383 4516 0
7384 3248 0
7385 3081 0
7386 4712 0
7387 4729 0
7388 5122 0
7389 4668 0
7390 2275 0
7391 3772 0
7392 2743 0
7393 4869 0
7394 2267 0
7395 4445 0
7396 4745 0
7397 3753 0
7398 4059 0
7399 3044 0
7400 4963 0
7401 3007 0
7402 3321 0
7403 4983 0
7404 4878 0
7405 4914 0
7406 3861 0
7407 4278 0
7408 4883 0
7409 4820 0
7410 218 1
7411 4794 0
7412 4821 0
7413 1329 0
7414 546 1
7415 4635 0
7416 4940 0
7417 4674 0
7418 2989 0
7419 4750 0
7420 4947 0
7421 4886 0
7422 3575 0
7423 455 0
7424 4521 0
7425 1656 0
7426 4906 0
7427 4488 0
7428 4215 0
7429 4918 0
7430 4586 0
7431 2434 0
7432 4844 0
7433 4703 0
7434 4562 0
7435 4992 0
7436 4187 0
7437 4905 0
7438 2863 0
7439 4807 0
7440 4676 0
7441 771 1
7442 4953 0
7443 4981 0
7444 4550 0
7445 4325 0
7446 4912 0
7447 4796 0
7448 4639 0
7449 4452 0
7450 4883 0
7451 3976 0
7452 4515 0
7453 4618 0
7454 3819 0
7455 4900 0
7456 4754 0
7457 4375 0
7458 4186 0
7459 4464 0
7460 4474 0
7461 4738 0
7462 2313 0
7463 3785 0
7464 4572 0
7465 4115 0
7466 4656 0
7467 157 1
7468 3200 0
7469 4674 0
7470 4949 0
7471 4238 0
7472 4745 0
7473 3118 0
7474 2183 0
7475 4190 0
7476 1154 0
7477 3799 0
7478 3228 0
7479 4957 0
7480 4724 0
7481 1729 0
7482 2132 0
7483 4890 0
7484 4589 0
7485 2773 1
7486 1902 0
7487 4200 0
7488 3960 0
7489 4306 0
7490 4232 0
7491 4114 0
7492 4948 0
7493 4949 0
7494 2822 0
7495 4141 0
7496 4691 0
7497 4981 0
7498 4627 0
7499 4662 0
7500 5013 0
7501 4792 0
7502 2232 0
7503 3758 0
7504 4551 0
7505 4551 0
7506 4829 0
7507 4954 0
7508 4243 0
7509 3867 1
7510 3556 0
7511 4108 0
7512 4925 0
7513 2628 1
7514 4708 0
7515 4862 0
7516 3711 0
7517 4831 0
7518 3252 0
7519 3791 0
7520 4841 0
7521 3179 0
7522 3339 0
7523 4591 0
7524 4696 0
7525 4339 0
7526 4394 0
7527 3603 0
7528 4515 0
7529 4969 0
7530 4893 0
7531 4962 0
7532 4309 0
7533 4332 0
7534 4836 0
7535 4246 0
7536 4436 0
7537 2302 1
7538 3760 0
7539 4534 0
7540 4786 0
7541 2645 0
7542 886 1
7543 4887 0
7544 4599 0
7545 4841 0
7546 3749 0
7547 3149 0
7548 4801 0
7549 4548 0
7550 4366 0
7551 4981 0
7552 3366 0
7553 4333 0
7554 3851 0
7555 4953 0
7556 5060 0
7557 385 1
7558 4989 0
7559 3723 0
7560 4317 0
7561 4250 0
7562 4771 0
7563 4887 0
7564 4296 0
7565 4843 0
7566 3158 1
7567 4425 0
7568 4668 0
7569 4957 0
7570 3561 0
7571 4403 0
7572 4368 0
7573 4647 0
7574 4331 0
7575 4801 0
7576 4912 0
7577 4605 0
7578 3728 0
7579 1953 0
7580 3224 0
7581 3675 1
7582 4611 0
7583 3931 0
7584 4789 0
7585 4989 0
7586 3351 0
7587 2290 0
7588 4830 0
7589 4464 0
7590 4809 0
7591 4470 0
7592 4892 0
7593 203 0
7594 4484 0
7595 4465 0
7596 4957 0
7597 4765 0
7598 4457 0
7599 4319 0
7600 4715 0
7601 5003 0
7602 4676 0
7603 4446 0
7604 4856 0
7605 4088 0
7606 4340 0
7607 1351 0
7608 3988 0
7609 4269 0
7610 5059 0
7611 2951 0
7612 5003 0
7613 4667 0
7614 3759 0
7615 4827 0
7616 4990 0
7617 4514 0
7618 1600 0
7619 4144 0
7620 4081 0
7621 4687 0
7622 4866 0
7623 2304 0
7624 4596 1
7625 4831 0
7626 2269 0
7627 4382 0
7628 4691 0
7629 1413 0
7630 4897 0
7631 4185 0
7632 4779 0
7633 4955 0
7634 3865 0
7635 3408 0
7636 4184 0
7637 2801 0
7638 4976 0
7639 4850 0
7640 4193 0
7641 4859 0
7642 4737 0
7643 4899 0
7644 4152 0
7645 3037 0
7646 5003 0
7647 4669 0
7648 4428 0
7649 4794 0
7650 4299 0
7651 5003 0
7652 4843 0
7653 4898 0
7654 3896 0
7655 4681 0
7656 570 1
7657 4701 0
7658 4428 0
7659 4927 0
7660 34 0
7661 3991 0
7662 4338 0
7663 3212 0
7664 4038 0
7665 4059 0
7666 3793 0
7667 4964 0
7668 4232 0
7669 4975 0
7670 4908 0
7671 2230 0
7672 3414 0
7673 4841 0
7674 4900 0
7675 4761 0
7676 3942 0
7677 4764 0
7678 4652 0
7679 1995 0
7680 2210 0
7681 742 0
7682 4905 0
7683 3771 0
7684 2238 0
7685 4886 0
7686 2241 0
7687 2755 0
7688 4732 0
7689 4519 0
7690 4491 0
7691 3843 0
7692 4737 0
7693 3897 0
7694 2981 0
7695 4093 0
7696 3632 0
7697 2507 0
7698 4802 0
7699 3861 0
7700 3865 0
7701 4750 0
7702 4772 0
7703 4900 0
7704 4843 0
7705 240 0
7706 4716 0
7707 4019 0
7708 4655 0
7709 4726 0
7710 4261 0
7711 4673 0
7712 4997 0
7713 4917 0
7714 4975 0
7715 1824 0
7716 4806 0
7717 4800 0
7718 593 0
7719 4039 0
7720 2283 0
7721 1791 0
7722 5097 0
7723 3849 0
7724 51 1
7725 4873 0
7726 3051 0
7727 4477 0
7728 4890 0
7729 4787 0
7730 2745 0
7731 4927 0
7732 4866 0
7733 4620 0
7734 4919 0
7735 4190 0
7736 4801 0
7737 3769 0
7738 4487 0
7739 4990 0
7740 4541 0
7741 4655 0
7742 4397 0
7743 4227 0
7744 611 1
7745 4695 0
7746 4221 0
7747 4794 0
7748 2504 0
7749 4898 0
7750 4705 0
7751 4830 0
7752 4781 0
7753 4326 0
7754 4981 0
7755 4540 0
7756 4974 0
7757 4752 0
7758 3989 0
7759 4380 0
7760 325 0
7761 4977 0
7762 4760 0
7763 4992 0
7764 3248 0
7765 4689 0
7766 4421 0
7767 4995 0
7768 4043 0
7769 2140 0
7770 4983 0
7771 3954 0
7772 4669 0
7773 4983 0
7774 4444 0
7775 3987 0
7776 4913 0
7777 4891 0
7778 4962 0
7779 4876 0
7780 4324 0
7781 4654 0
7782 4396 0
7783 4669 0
7784 4408 0
7785 4905 0
7786 4620 0
7787 3609 0
7788 4724 0
7789 2266 0
7790 4509 0
7791 4736 0
7792 3806 0
7793 4807 0
7794 3472 0
7795 2220 0
7796 4155 0
7797 4708 0
7798 3711 0
7799 2464 0
7800 4659 0
7801 4978 0
7802 3651 0
7803 3042 0
7804 5123 0
7805 4858 0
7806 4087 0
7807 4163 0
7808 2086 0
7809 4302 0
7810 4625 0
7811 4999 0
7812 4558 0
7813 2188 1
7814 4288 0
7815 4709 0
7816 4057 0
7817 4177 0
7818 4761 0
7819 4638 0
7820 4530 0
7821 4602 0
7822 4894 0
7823 4919 0
7824 461 0
7825 1930 0
7826 4494 0
7827 4899 0
7828 5 0
7829 4249 0
7830 3639 0
7831 3735 0
7832 4806 0
7833 4043 0
7834 4999 0
7835 4156 0
7836 4705 0
7837 4957 0
7838 4177 0
7839 4681 0
7840 4096 0
7841 4642 0
7842 4954 0
7843 2300 0
7844 4940 0
7845 4297 0
7846 2489 0
7847 4697 0
7848 4954 0
7849 567 0
7850 4409 0
7851 4506 0
7852 4355 0
7853 4290 0
7854 4960 0
7855 2588 0
7856 2981 1
7857 1751 0
7858 2887 0
7859 4799 0
7860 4975 0
7861 4085 0
7862 4236 0
7863 4498 0
7864 4610 0
7865 3498 0
7866 4256 0
7867 4590 0
7868 4547 0
7869 4788 0
7870 4997 0
7871 3652 0
7872 2507 0
7873 4982 0
7874 3995 0
