x
1 0.544220935843532
2 0.702922052487838
3 -0.427412393913935
4 0.581173848133946
5 0.671527726168979
6 0.845114520839939
7 -3.66244950821998
8 0.914094148525936
9 -0.657342353950333
10 -1.78101386129451
11 0.911327347049159
12 -1.55629450994599
13 0.701247518063906
14 0.821949283947686
15 0.730239406932317
16 0.382322612434273
17 0.00474834742634078
18 0.214148190659895
19 0.814785348648765
20 0.603752527921292
21 -0.163749126233907
22 -1.0794877539896
23 0.558150069396822
24 0.333181519536345
25 -2.92222084186852
26 0.427998007825203
27 -0.203747206534854
28 0.644398543897375
29 -1.73290519980851
30 0.763700319981663
31 0.018419852400717
32 0.929959215416003
33 0.749135717857014
34 -1.29733393230042
35 -0.806195745679184
36 0.578071118713576
37 0.324663309796489
38 0.902679033225414
39 -1.49111301745391
40 0.611763950208194
41 -1.16628418895068
42 -0.222429604044571
43 -0.290761123134481
44 0.471297059092978
45 -0.0700947280934598
46 -0.171034403622523
47 -0.537966475578323
48 0.868068146834598
49 -1.27313112109548
50 -2.21651102021867
51 0.0654768312849464
52 -1.16216197689752
53 0.938182974952609
54 0.895908888128511
55 -0.505812713117848
56 0.410229213210463
57 0.259136661050191
58 -2.51753626507897
59 -1.73397951257278
60 0.851090414967995
61 0.349940482914562
62 0.817911930205997
63 -0.350793349632773
64 -3.0513601550541
65 0.814128295843035
66 0.239605041087493
67 0.0411466988155355
68 0.68623453602979
69 0.817283105058459
70 0.782227913345512
71 0.237362989911988
72 0.683795377224171
73 0.702786464787153
74 0.0811782737078476
75 -1.16302544607812
76 -5.17741167147059
77 0.73090565281424
78 0.346065748218618
79 -0.380241470142456
80 0.41781896559824
81 -0.305891763161998
82 0.669663770892283
83 -2.19217678247167
84 -0.120704657759628
85 -0.612948002576782
86 0.343976934345468
87 0.360275374730406
88 0.387907560791059
89 0.988215373950752
90 -0.755817752911501
91 0.764491453938656
92 0.59033676356864
93 0.408990019301209
94 0.378360981574747
95 0.272944987504047
96 -1.07515472820941
97 0.885936539273686
98 0.37451810473484
99 0.232402098804823
100 0.470478440619593
101 0.858395488586564
102 -1.44724850758104
103 -0.724631426338134
104 -0.0418804787758684
105 0.989872985438237
106 0.610169552303404
107 -0.248033089991784
108 0.686390621451372
109 0.0925776035932575
110 0.277497847813644
111 0.734413820841896
112 -0.511218727835068
113 -0.760426158867751
114 0.214831296011334
115 0.930928217653239
116 0.785823626060587
117 -0.267775778825295
118 0.258593674066535
119 -1.72071405098508
120 0.86362364612659
121 -0.224267037031038
122 0.236357842395928
123 0.942465284626512
124 0.512582618383086
125 -0.943167812047253
126 -0.402953170585594
127 0.574221420018985
128 0.503280366086892
129 0.966286293541128
130 0.646033969857476
131 0.462225428323857
132 0.687776590069026
133 0.896549226017128
134 0.705774745031263
135 0.278691629171887
136 -1.46013143551317
137 0.395489860334298
138 0.583120140337349
139 0.968160331528071
140 -1.6307229643658
141 -1.36926006178901
142 0.604146275333934
143 -0.206833197095867
144 0.481797044952335
145 0.635596126386315
146 -2.09411158640496
147 0.23761009265814
148 -0.398831034428355
149 0.219351924569167
150 -0.0637178402929988
151 -1.03017116056023
152 -0.511797478881111
153 -2.41678317229823
154 -0.39325345699436
155 0.614024460422076
156 -0.461289447115531
157 0.474257838441342
158 0.432877977161152
159 -0.568246843591224
160 -0.521565704828939
161 -0.923477132971581
162 -2.70319329750858
163 -0.32529481552512
164 -2.18419015436662
165 -0.204047328954643
167 0.239973162583452
168 0.188910864456299
169 0.466352136210801
170 -0.168245995986835
171 0.694623139021166
172 0.530912786545917
173 0.601519697612035
174 0.329769612371239
175 0.250658560300249
176 -0.696609251061587
177 0.264349095494292
178 -2.02994245653035
179 0.619223060479295
180 0.404469085872117
181 -1.73553511754646
182 -0.382232129886892
183 0.924215589613988
184 0.387834157955414
185 0.566659973415438
186 0.0680456767363946
187 -1.37986939016716
188 0.377681254245697
189 0.567238033996929
190 0.0990832646948903
191 0.383319704478593
192 0.111131668345379
193 0.275077858630947
194 -1.17332253304144
195 0.0921982098199072
196 -3.30038342665894
197 0.0659342768470962
198 0.3637083062601
199 -1.47191585410293
200 -0.859994653722443
201 -0.520210047832626
202 0.508314056083376
203 0.292911409764681
204 0.572817944477381
205 0.93636146263627
206 0.839743573331981
207 0.637899310772395
208 0.116751617095853
209 -0.183896051578003
210 -0.0581394236381065
212 -0.427548554607492
213 0.560245558740975
214 0.324659049082
215 -0.172552663527858
216 -2.09473470050232
217 0.496236976808969
218 0.099017962177041
219 0.0484157782702646
220 -1.35068176383103
221 0.681112863943438
222 0.0344595265173624
223 -0.243774021806519
224 -0.586495964943864
225 -2.06842604657009
226 -1.40075133582818
227 -0.448830271899062
228 -1.29357407850846
229 0.807708325573792
230 -0.272334851032681
231 0.212120034721507
232 0.241408397054948
233 0.907594607614065
234 -1.89993772546024
235 0.0883146353236882
236 0.25640855100488
237 -1.35599271241955
238 0.748829956668573
239 -0.449672735814157
240 -0.630285913724166
241 -0.571161103090152
242 -0.0189442682055396
243 0.050359667085119
244 -0.710351326118472
245 0.985796543556751
247 0.718842460728238
248 0.0194114303014921
249 0.767234624800646
250 -1.36633954506005
251 -0.713284024143966
252 0.81231413415603
253 0.587937888825102
254 0.34783059797437
255 -0.219884946595788
256 0.224458363552092
257 0.990756664806089
258 -0.020335536532657
259 -0.278256049493731
260 0.404116353587123
261 -1.186320960457
262 0.857971798405537
263 -1.70051138488385
264 0.964807751533058
265 0.391656047529357
266 0.311767356927759
267 0.640851207597397
268 -0.639313694714416
269 -0.27276628276302
270 0.905073757946352
271 -0.917300877115358
272 -1.76780729761303
273 0.590541991060748
274 0.382462494656274
275 -0.312556620133901
276 0.438536785485785
277 0.494614491894832
278 0.202957215908823
279 -0.671129513367901
280 -1.0683835090388
281 -0.0266124291650536
282 -1.45514978417148
283 0.436172230337292
284 -0.153981448036186
285 0.441425417554996
286 0.512333193595084
287 -0.180809213957469
288 0.650579858359956
289 0.584093385221949
290 0.874969445349711
291 -1.34472567457827
292 -1.31032126114039
293 0.0261037724946743
294 -0.239041071528543
295 -0.114935770565878
296 0.717663146191509
297 0.930996075824484
298 0.829582669601763
299 0.370616135894186
300 0.816332324892226
301 0.975477346951509
302 -1.37002448183822
303 -1.34810087344241
304 -0.0783527883310249
305 -1.5682178263132
306 0.856958645536775
307 -0.50841498810486
308 0.171575864759108
309 0.428207448795212
310 -2.09523267399889
311 0.798539005586385
313 -2.26036011004844
314 0.696743591273451
315 0.0451251139168918
316 -0.0223402636288466
317 0.950996945916374
318 -1.63144393236513
319 -1.66694264635833
320 0.20006289908407
321 -0.22206577673796
322 -0.797279609993887
323 -0.0259776070360036
324 -1.06967998923501
325 0.990718013249873
326 0.733201210213411
327 0.893048183890481
328 -0.0842830283552984
329 -0.889590076559274
330 0.720618015274467
331 0.832682171958697
332 -0.519718910026904
333 -1.76080886110723
334 0.642889324311763
335 -0.30616185602365
336 0.657057778986531
337 -1.10066419381843
338 -1.00367916048749
339 0.805810992999799
340 0.481918769322199
341 0.70615571685792
342 -1.14412427554769
343 0.544816214751329
344 0.671368747251356
345 -0.795838154844551
346 0.171322157849167
347 -0.370150909835897
348 -0.418504711078649
349 -0.103689106709863
350 -1.22833559050904
351 0.732222167267039
352 0.736063855646767
353 0.479394997588324
354 0.974592288601907
355 0.470239861405551
356 0.536234547256271
357 -0.899724769291748
358 -0.72553238025278
359 0.57020381141641
360 -0.382232129886892
361 0.951114470403263
362 -0.209554108556314
363 -0.612449259205626
364 -0.610673146739229
365 0.620274475640126
366 -0.852704574682645
367 -0.988316416872581
368 -0.498181817842236
369 -2.14406834649789
370 -0.302353367318417
371 0.60181484382406
372 -0.557022230230169
373 -2.03248326216969
374 0.263774011844423
375 -0.526440736020453
376 -1.18849913019827
377 0.132378049837071
378 0.673968291289735
379 0.6764042793475
380 0.754549992783493
381 -0.545345449614301
382 -0.768753854303707
383 -1.09804179290565
384 -0.28899927246323
385 -0.116947129049975
386 0.471619632294487
387 0.992751372631108
388 -0.0758111189109464
389 -1.4792759983877
390 -0.103518099708925
391 -0.331814780020119
392 0.0235470019425732
393 -1.1515206860389
394 0.982887021486623
395 0.239891920013042
396 -0.919241990694467
397 -2.07740012995041
398 0.752831045093233
399 -1.63399297491971
400 0.399072067238772
401 -0.367315139481351
402 0.730925545034022
403 0.134448252059508
404 0.88153528892217
405 0.0688964344187661
406 -0.355158638444687
407 -0.175089609543076
408 0.260847401228884
409 0.589889922199856
410 -0.226675165441123
411 -1.29027614905537
412 0.731184221727497
413 0.454650668770739
414 0.106183892710473
415 0.52960616858085
416 -0.414594515862198
417 0.336613827140961
418 -0.894224579973112
419 -0.516963417943208
420 0.318183542306991
421 -0.502066566685938
422 0.640243259844364
423 0.761393305902228
424 0.950407800716776
425 0.863176793020713
426 -0.430078734838244
427 0.574575409733834
428 -0.115851186110933
429 0.157724198928849
430 0.429417681505792
431 0.165186449074408
432 -0.595725306585396
433 0.295049542214203
434 0.985333848488877
435 -0.505525977988196
436 0.776114610113816
437 0.824843697100763
438 -1.62880995466987
439 0.967478499355954
440 0.94564014376033
441 0.24664189277428
442 -0.430577481909859
443 -0.337213363587881
444 -1.59205617935364
445 -0.207129104025908
446 -0.452509693114323
447 0.641446381756549
448 0.191940013696766
449 0.893181245981548
450 0.85551775867419
451 0.96520362512359
452 0.841963115260929
453 -1.44795636775155
454 -0.903438898895164
455 -0.113011487247751
456 0.835369777125183
457 -1.49360819970026
458 -0.0815061362240759
459 -0.443140895449788
460 0.706280883103866
461 -0.666123550597751
462 -1.33183447520072
463 0.298423837939493
464 -0.972209019669118
465 0.725524063087077
466 0.0617187531248876
467 0.747774646746815
468 -0.238679848434205
469 -0.800173333661713
470 -0.264834002162309
471 0.622526634892599
472 0.761469301805863
473 0.858625189896367
474 -0.289423694569317
475 -1.34222448219428
476 0.655822119099608
477 -0.687152983547071
478 0.752672483985017
479 -0.498490239836389
480 -0.781918220510085
481 0.180570692258129
482 -0.46015901557751
483 -0.833841768763746
484 -0.311256590216024
485 -0.432465054648307
486 0.366053701379528
487 -0.755568233793481
488 0.642309485824583
489 -1.97297356674643
490 0.656981571347341
491 -1.0946130667114
492 0.610706962857041
493 -1.29845294742805
494 0.104618119978211
495 -0.105576739487454
496 -0.843484891198019
497 -0.893545044271283
498 -0.682080910373439
499 0.192454806392621
500 -0.468517544154904
501 0.665780210814324
502 0.531860986694432
503 0.714143654344567
504 0.896474806696557
505 0.727779964842278
506 -1.5666932411879
507 0.516539679779294
508 0.897666542516794
509 0.919068279497081
510 -0.300419234311909
511 0.481764094373461
512 0.617459666004995
513 -0.569855644093208
514 -0.124868631282409
515 0.871359909006372
516 0.855566617595158
517 0.942384147039861
518 -1.05732427584719
519 0.456767055296865
520 0.929930634584466
521 -0.869484160046401
522 -0.707700418538263
523 0.982883122832069
524 -0.560057602469927
525 0.611111687569384
526 0.740137648098677
527 0.668521684110897
528 -1.42505913356845
529 0.793774975360999
530 0.750586108790233
531 0.587768324689558
532 -0.462213826576543
533 0.407910732747898
534 0.230683313605355
535 0.780986730382999
536 0.288023164620331
537 0.013364384746066
538 0.235581796527824
539 0.564916493119176
540 0.902284928218181
541 0.81076323426197
542 -0.187612771339083
543 0.984053737391488
544 -1.51598459924082
545 -2.43212099114461
546 0.507282506401455
547 0.497341841597966
548 0.691896614560568
549 -2.25497272350067
550 -0.386719644449415
551 0.54375793904844
552 0.609450071192865
553 -0.427696340872996
554 -0.806249776824434
555 0.656039163921261
556 -0.465357009124471
557 -0.36747461692052
558 0.950941533436426
559 0.494970639729391
560 0.960620762688783
561 -0.426050915322404
562 0.900003520057634
563 -0.197587727374758
564 -0.0731000233275843
565 0.867440715598633
566 -1.91063901011152
567 -1.33853861691638
568 0.443035881601215
569 0.817716052252611
570 0.770172417276545
571 0.989536558884466
572 0.658306305084335
573 -1.16865752979199
574 -0.882198205168097
575 -0.448053588401365
576 0.688069754819775
577 -0.743947069409349
578 -1.17988529668266
579 -0.517455572749718
580 0.970332435650781
581 0.534169590001196
582 0.427535414779562
583 -2.72997742483339
584 0.694237452901904
585 0.432365847846839
586 -0.0986870950997276
587 0.671625953983102
588 0.522537787871988
589 0.135504794193378
590 -0.690330469522061
591 0.877440358615301
592 -1.34035881898933
593 -0.0598932544677298
594 -1.0442328637637
595 -0.317024082330231
596 0.99278817995436
597 0.0041358098346298
598 0.961642401339504
599 -0.666429219063346
600 -0.0241885507604163
601 0.273396020505897
602 0.510707473530603
603 -0.416309307555567
604 -1.77538510198311
605 0.398059500897437
606 0.0807686339122403
607 -1.7268771185974
608 -0.23059166129939
609 0.364792522716665
610 0.953670567555168
611 0.0948164375197128
612 0.869419558881138
613 -1.57553023623549
614 0.672517488400642
615 0.0806563381791653
616 -0.455531051553711
617 0.768022577262995
618 0.246723161690092
620 0.421295660401726
621 -0.38514848155553
622 -0.446722822396622
623 -0.836444716663941
624 -0.150415513294374
625 -0.629625204642352
626 -1.07890299961148
627 0.884297322334387
628 -1.09356711335198
629 -1.0887933187407
630 -0.937376968154775
631 -2.21246483127481
632 -0.853034923676439
633 0.293418612171657
634 0.407500654660152
635 0.846453295836626
636 -0.694055476569347
637 0.989386002949632
638 -2.71874695585839
639 -0.463991321791744
640 0.947120327268002
641 0.986164640733246
642 0.766149908927423
643 -0.229774516866264
644 0.85494620019391
645 -0.439100513098923
646 -0.238124901159699
647 0.230998908409163
648 -0.166796982076863
649 -1.23067523180017
650 0.931453344631779
651 -0.183917989508777
652 -0.0168571717627168
653 -0.28373305582232
654 0.87446713931651
655 -1.19257754607007
656 0.527036748809704
657 0.380959597148351
658 -0.431934780216092
659 -0.861415276063932
660 0.319900552510291
661 -0.526393914805354
662 0.852040183172163
663 0.586616738523442
664 0.909289282043524
665 0.989858582575741
666 -0.232631151677001
667 -0.276711659003451
668 0.892324741809389
669 -0.75103433437216
670 0.722667625908466
671 0.572270542241196
672 -0.440201794843033
673 0.439019101631952
674 0.903585883026962
675 0.867917557252947
676 0.0427482919236866
677 -0.396140466717401
678 -0.16201614684283
679 -0.465893209048128
680 0.807446374968225
681 -1.30401610489867
682 0.807275858216587
683 0.641094826955568
684 -1.44603712337458
685 0.203829480578111
686 -0.220904432083192
687 -0.338383603089843
688 -0.222804831602689
689 -1.48227604663107
690 0.165162493557041
691 0.635140540803544
692 -0.731088270308807
693 0.978772619287612
694 -0.162921210688022
695 -0.849424151863984
696 0.762339350561489
697 -0.713633592321716
698 -1.49682904051959
699 -1.30523547902642
700 -0.134957371772256
701 -0.882239411595114
702 -0.282631839761727
703 0.817905586134634
704 -0.912048684465642
705 -1.08572115647961
706 -1.3115022490381
707 0.929547346795075
708 -1.06074973955061
709 -0.404341530007539
710 -0.723166150787297
711 0.224432989655506
712 0.443363100431171
713 -0.63848206925111
714 0.499937463490353
715 -0.233757188149896
716 -0.339149392009856
717 -0.358685798634825
718 0.972523539992384
719 -0.871962516370504
720 -0.730375346017071
721 -0.947617887218784
722 -0.721550541737077
723 -0.294438306402459
724 0.465160119419009
725 0.822442379582514
726 0.920956292548311
727 -0.628059803262144
728 0.392073445160683
729 0.136042139151559
730 -1.20723669459768
731 0.508208379377341
732 0.624347183883844
733 0.905057372230466
734 -1.11611135721473
735 -0.278587248478944
736 0.910483763828614
737 0.874915035356052
738 -1.38158031718847
739 -0.467444959393937
740 0.249341324323423
741 -0.204037334506827
742 -0.724281727540858
743 0.671381811871006
744 0.980209199070027
745 0.765834892282993
746 -0.711419960427084
747 -0.479807723378071
748 0.973242688578335
749 0.552267585411004
750 0.640154049592227
751 -1.40683139605951
752 0.698681557549586
753 0.330884445258636
754 -0.225757559329574
755 -0.603073641162516
756 -0.699560252353088
757 -0.332801726592012
758 -0.278825870538654
759 0.737513485580674
760 0.264511818262666
761 -0.549569582440409
762 -0.091727490367506
763 0.744255385918038
764 -0.691431156494564
765 0.550527343044242
766 -0.475721915558601
767 0.495719244396612
768 0.912645109545456
769 -0.490237421882931
770 -0.328527406401687
771 0.734444425204099
772 -1.31443406241884
773 0.579099726714517
774 -1.39303414962796
775 0.601264264143587
776 0.94085770131874
777 -0.498350590551272
778 -0.719444218600883
779 -0.735579696820062
780 0.462729653050255
781 0.609615735241422
782 0.934543939965328
783 0.178093120180366
784 -1.0547749853641
785 0.629195404555662
786 -1.62599608464131
787 0.974903954914543
788 -0.739307794888862
789 0.993976644809839
790 0.780997607500859
791 0.949003106916146
792 0.731633961292186
793 -0.998113090214937
794 -2.65288288034194
795 0.345027144449249
796 -0.200866263882703
797 0.409570251737156
799 -0.342263784041774
800 0.944242456006109
801 0.506953043483355
802 0.886655756652276
803 -0.458597792383545
804 -0.167638822011103
805 -0.6533642078627
806 -0.128578308411729
807 -0.279382570649034
808 -0.375711810385786
809 0.795083404111044
810 -1.15017491288785
811 -1.09422611672027
812 0.822402138297814
813 0.169471550865433
814 0.586815187911015
815 0.275681829647166
816 -0.662610463316174
817 -1.41307136497728
818 -0.406802080490488
819 -0.712559811411486
820 0.883880167192451
821 0.900821029357369
822 -0.574348338056646
823 0.758025317309321
824 0.592068766458059
825 0.662303904157392
826 0.890932175927484
827 0.00261514325471235
828 -0.841182086611531
829 0.523160461449881
830 0.729719719221199
831 0.952320266268617
832 0.30052046987632
833 0.479401489082133
834 0.772863865828584
835 -0.42336494638402
836 -0.8959713527225
837 0.647826861654831
838 0.967913181413547
839 -0.992109781295699
840 0.869556578501715
841 0.0992950502218533
842 0.378560251299063
843 0.736348659035448
844 -0.769261022503813
845 -0.829527627826558
846 0.919586795526795
847 -0.635119948314446
848 -1.97632197369849
849 -1.06587758213461
850 0.360359795591521
851 -0.802609387191073
852 0.931343825556366
853 0.41194533592575
854 0.962297511579937
855 0.644296313815116
856 -0.382605447969122
857 0.928664220301853
858 0.979131385541114
859 -0.393681160285163
860 0.182028846167921
861 0.677374772978064
862 -0.632814817701646
863 -0.745071359960047
864 0.414479747754681
865 0.653470524433017
866 -0.96443134528667
867 0.70356792407127
868 0.829304630157637
869 -1.24152921813236
870 0.0585497322211113
871 -0.549593390255731
872 -1.07554986378181
873 0.540749343733623
874 0.4281232983018
875 -0.139979634680892
876 0.746957708764365
877 -0.516207870142988
878 0.93817569816134
879 -0.743969718359204
880 0.88965174648142
881 -0.42591522343713
882 0.397025482519894
883 0.777869379257999
884 0.961966318489515
885 -0.441182506335311
886 0.879770945957263
887 0.306479235407045
888 0.915178442466941
889 0.79568072576388
890 -0.0776381973122704
891 0.524276203057552
892 -0.754094836373452
893 0.654427654086566
894 0.221581358853323
895 -0.349548706082615
896 0.752806113822937
897 0.687132486234245
898 0.463373485148785
900 0.282034593607257
901 0.884305401848597
902 0.797542257043601
903 -1.13348802309487
904 0.175057221450963
905 0.666129895223428
906 -0.732059742276497
907 -0.435448400390085
908 0.0195283038525285
909 0.786419810122706
910 0.98829813998446
911 0.569367296982103
912 -0.0891877257367204
913 0.0691170794773023
914 0.926624947701405
915 -0.12021099623822
917 0.876266321288965
918 -0.323717571040566
919 -0.397311218358528
920 -1.02998991389587
921 -0.225047925546535
922 0.260538445240277
923 0.823306693558947
924 0.941311282320996
925 -0.255954698316122
926 0.897773445116819
927 -0.0793655795700947
928 0.354118526774491
929 -0.83750722613492
930 -1.52454609660367
931 0.495572219299941
932 0.957840815273329
933 -1.67752662450825
934 0.796905511634676
935 -0.903852373429331
936 0.776058866425746
937 -0.657369177016837
938 -0.45966466369319
939 0.485385181639606
940 -0.888046642775934
941 0.793371275568385
942 -0.753249334301891
943 -0.604736797322862
944 -0.0724175930550266
945 0.230814739221399
946 -0.244078889524135
947 0.769672582944972
948 0.619532332432566
949 0.95888125491938
950 -1.34213200558865
951 -2.10930107824971
952 -0.37505777265255
953 0.888991162306205
954 0.499718097031025
955 -0.272005486326835
956 0.175898599849685
957 0.979911820360315
958 0.983456372514131
959 0.254820025700067
960 -0.605867761868369
961 0.982744045215622
962 0.777173406892766
963 -0.648432083455581
964 -0.571238239430252
965 0.921669911474067
966 0.442442982117037
967 -0.48155096189445
968 0.144238895029329
969 -1.43828290020495
970 0.885902642263945
971 0.847117275293045
972 -0.5599273141335
973 -0.318881233918163
975 -0.327534284482472
976 0.977627345239043
977 -0.324798752346539
978 -0.165763763936144
979 -0.435051539312276
980 -0.232366704317976
981 0.841642804180964
982 0.509860889187064
983 -0.310577897276395
984 0.986245654338717
985 0.297364456379598
986 -0.546665714613916
987 -0.112552137794237
988 -0.3908221840342
989 0.853113715386576
990 -0.250462925675484
991 0.380462457954576
992 -0.577266864468516
993 -0.710579341774577
994 -0.874409907890116
995 0.744209334677816
996 0.666609076162727
997 -0.465072537487159
998 0.615963113505199
999 0.795869131507088
1000 -0.439647015614024
1001 0.537967972637226
1002 0.609887646459304
1003 0.591061544128857
1004 -1.97311514485582
1005 -0.851378335008652
1006 0.946526586537782
1007 0.958873057970632
1008 -0.205273161087502
1009 0.269185745655565
1010 -0.420466982945432
1011 -1.37387935817127
1012 0.874578435730291
1013 0.192872609037622
1014 -0.82088928635624
1015 -0.123564796294712
1016 0.910763978941507
1017 -0.0780368703401377
1018 0.366490157332131
1019 0.931622862552547
1020 -0.0100121193621698
1021 -0.227545208686783
1022 -0.705287843058116
1023 -0.708194525338981
1024 0.304898638690382
1025 -0.117807105638084
1026 0.947151010010321
1027 0.442442982117037
1028 0.336936537747176
1029 -0.0849137481816602
1030 -0.622192516312751
1031 0.768220828233129
1032 0.549895908478569
1033 -1.79861069273046
1034 -0.598032813677432
1035 -0.559158155510506
1036 -0.318729694771906
1037 0.94514462101712
1038 -0.349426031542048
1039 0.492930142522989
1040 0.722679461609485
1041 -0.455793321698826
1042 0.930020481158121
1043 0.830766352922404
1044 -0.0466730449949117
1045 0.336552533576882
1046 0.823236902955559
1047 0.6273076036246
1048 -0.378807051602064
1049 0.213701243012276
1050 0.638372839849722
1051 0.795555176289948
1052 -0.926174864255918
1053 0.605783369761716
1054 0.929405421026745
1055 -0.825247975016514
1056 -0.928458192355127
1057 0.988717500030839
1058 0.893399674316358
1059 0.162527552578931
1060 0.172511151667984
1061 0.673395544900125
1062 0.951747756376927
1063 0.928452450932212
1064 0.549497620573132
1066 -0.19975699235874
1067 0.444209931774472
1068 0.987744156091856
1069 0.363105478549462
1070 0.570953024108
1071 0.365772959690066
1072 0.793580070562324
1073 0.764007771014127
1074 -1.23382743275717
1075 0.926432939839984
1076 0.449289303794306
1077 0.407116590098926
1078 0.415930308299237
1079 -0.594480074692612
1080 0.559794388395377
1081 0.939137889311298
1082 0.437249463406613
1083 0.811780933131601
1084 -0.53727169248425
1085 0.886159500118121
1086 0.666140639322114
1087 -0.304345701101753
1088 0.980204782423209
1089 -0.490078765959462
1090 0.181430597650731
1091 0.91831711661524
1092 -0.830474737002263
1093 0.662254288292019
1094 0.800751700708909
1095 0.610329237871802
1096 0.553397573787868
1097 0.708935221759869
1098 0.341362030575094
1099 -0.402053812150983
1100 0.816878343489896
1101 0.420907706934999
1102 0.0541773660000626
1103 -0.240188509021095
1104 0.907548592762334
1105 -1.57020783645293
1106 -0.742914986069428
1107 -1.6291075482558
1108 0.154878788577042
1109 0.324535763419448
1110 -0.987257332941223
1111 0.98490375594466
1112 0.127372723050429
1113 0.950052129245318
1114 -0.700239363957524
1115 0.437755794280163
1116 0.608085793326398
1117 -1.77166068959927
1118 0.673490650683169
1119 -0.738830922754843
1120 0.935109020530643
1121 0.602190978091406
1122 0.55714173390193
1123 -0.58731075796664
1124 -1.06638166201909
1125 0.940515546286375
1126 -0.286794679065408
1127 0.335432519269362
1128 0.914619620937232
1129 -0.653450512594482
1130 -1.09778045207223
1131 0.833997062276695
1132 0.805584400701521
1133 0.875257928876475
1134 0.58414145610825
1135 0.836927546251427
1136 -1.60281457524694
1137 0.526530102201225
1138 -0.848133703600876
1139 0.700195761153438
1140 -0.812455950282096
1141 0.818726421044261
1142 0.754268009459002
1143 0.0525576520648617
1144 -1.14386075219236
1145 0.845732073193455
1146 -0.238143012207855
1147 -0.160087294147563
1148 0.495011915710708
1149 0.686780389086347
1150 0.262167539984431
1151 -0.864137101088436
1152 -0.442768369761399
1153 0.9174073660096
1154 0.987378648614752
1155 -0.692484770672713
1156 -0.536254901215031
1157 0.225077484993625
1158 -0.260497591213837
1159 -0.790196090087784
1160 -0.536118141532203
1161 -0.228581595093044
1162 0.309344214819597
1163 0.857228322451224
1164 0.88024795226414
1165 0.828623465029319
1166 0.751975327853008
1167 0.73866497789003
1168 0.126046015801233
1169 -1.25891843465684
1170 -0.489353578562652
1171 0.758980014276345
1172 -0.151136562958051
1173 0.573520340554646
1174 0.727636050218023
1175 0.346405030968092
1176 0.787960019415701
1177 -0.406097118309036
1178 0.840959737640641
1179 -0.76367580941822
1180 0.877962076885523
1181 0.493361727875471
1182 -0.330907974808515
1183 0.667635952283188
1184 0.402013268842826
1185 0.947691611941748
1186 0.921310884969414
1187 0.807171846025436
1188 0.987219866514401
1189 -0.69778119596081
1190 0.940747979803551
1191 -0.383267626375528
1192 0.970155472657977
1193 0.0323124899070625
1194 0.0363431546757508
1195 0.635267185322943
1196 -1.06435859737112
1197 0.533393305026682
1199 0.970613634604314
1200 0.382193346911616
1201 -0.57680429290151
1202 -0.148581213996794
1203 0.791417235103483
1204 -0.732317322343272
1205 -2.18656899493129
1206 -0.172557702491918
1207 -0.120492534909042
1208 0.659826088082734
1209 0.941014523210384
1210 -0.097949041726215
1211 0.493130683868271
1212 -0.427101415957783
1213 -0.62216347328617
1214 0.880851002451949
1215 -0.296462905782781
1216 -0.0661477927318378
1217 -0.0704476476538982
1218 0.518228257000754
1219 -0.666727927144053
1220 0.636223345256098
1221 -0.155619338474405
1222 -0.971647807269332
1223 0.696096022596877
1224 -1.83012969729531
1225 0.0699819007705476
1226 0.940424979681251
1227 0.691995419568583
1228 0.69443424258737
1229 -0.1979166068469
1231 0.996849479495709
1232 -0.167444531009743
1233 -0.620265953467849
1234 0.315719092698011
1235 0.689529129295316
1236 0.886657131519522
1237 0.968973584108771
1238 0.705875166455948
1239 -0.685566896921782
1240 -0.167497986328701
1241 -0.490627653473513
1242 0.399387900478811
1243 -0.75647089907818
1244 0.852783896790272
1245 0.9711857348022
1246 0.655565901136352
1247 0.865339704767389
1248 0.768879073530063
1249 -0.969526225246297
1250 0.983208232867387
1251 0.771619000742233
1252 0.494502116104209
1253 0.692799055889795
1254 0.572560881480526
1255 0.29273667050522
1256 0.189430835536058
1257 0.926028315095284
1258 0.407880879286885
1259 0.716287754975041
1260 -0.243694324415634
1261 0.358663499152373
1262 0.258950690257948
1263 -0.413597839114734
1264 0.979690772046891
1265 0.283337677130236
1266 -0.355631803103974
1267 -0.779504279442899
1268 -0.580362750940322
1269 -0.947987562412217
1270 -0.837721439869136
1271 -0.476336456894466
1272 0.872341605581656
1273 0.651844167226304
1274 -0.21999370483978
1275 -1.0168278334475
1276 0.993916455582162
1277 -0.101468475004059
1278 0.101765354041381
1279 -0.272920909403171
1280 -0.384473238462095
1281 -1.61862642238329
1282 -1.15336104295717
1283 0.617540000885878
1284 0.456577912018772
1285 0.667393751998615
1286 -0.808892093123764
1287 -0.314463186668795
1288 -0.825349715414912
1289 0.711223131159891
1290 -0.439026648815396
1291 -0.895701160995697
1292 0.993872554515528
1293 -0.528876393022448
1294 0.883756083795464
1295 0.891660364555236
1296 0.802405001554117
1297 -0.506453799119083
1298 0.489319594942856
1299 -0.919141693581305
1300 0.440696158841554
1301 -0.288685125084132
1302 -0.28212675553848
1303 -0.633801039501698
1304 0.995380151063356
1305 0.96598415735137
1306 -0.388250242416212
1307 0.603792947812652
1308 0.512330874653011
1309 -0.380018395109521
1310 0.222027939845458
1311 -0.418905520768134
1312 0.0921943619477297
1313 -0.147493790910576
1314 -0.0108138178260426
1316 -0.537596345357548
1317 -0.767311822740708
1318 0.182028846167921
1319 -1.94947687009266
1320 0.852690281899922
1321 0.636906374673222
1322 0.853743316480109
1323 0.877387769776016
1324 -1.82527675909835
1325 0.709146401773051
1326 -1.29689602109407
1327 -0.203136747954204
1328 0.739775132691745
1329 -0.390241876021042
1330 -0.132127806421107
1331 -0.0179447986332681
1332 0.899525143603158
1333 0.978721795041446
1334 0.491813144506055
1335 -0.266531225225394
1336 -0.166582093114259
1337 -0.125259480189056
1338 0.471500809462282
1339 -0.264839418108094
1340 0.753689567236858
1341 -1.8576277158683
1342 -0.450149254716489
1343 0.862689226141012
1344 -0.316317964930281
1345 -1.43555536945736
1346 -1.11088137336274
1347 -0.222805791248104
1348 -1.03368072471218
1349 -0.499475985204657
1350 0.681658614984155
1351 0.520643464260259
1352 -1.01933504461754
1353 -0.603009613546186
1354 -0.267133728701683
1355 0.549843539437013
1356 0.855231283635076
1357 -0.672615318878383
1358 -0.532805738649546
1359 0.75122753568761
1360 -0.339322404163912
1361 -0.54116557556087
1362 -0.12749847036846
1363 0.245959673685309
1364 -0.38177345197944
1365 0.33542424417538
1366 0.548673770406679
1367 0.492001781231837
1368 -0.326082546717129
1369 -0.458439500608336
1370 -1.13286974997993
1371 0.544990083358633
1372 -1.17402877899429
1373 0.935127589469618
1374 0.621344794908353
1375 0.796860846311407
1376 0.823836683335951
1377 0.0948259614730664
1378 -0.135784419844565
1379 -0.277224561400624
1380 0.887999036637603
1381 -0.276089950767862
1382 0.832319552332005
1383 -0.830557601376726
1384 0.811532310391358
