x
1 1973.8058041305
2 2040.57396263365
3 2033.97272358856
4 1999.60504624385
5 2001.15845799023
6 2059.32064670766
7 2012.18468158626
8 2030.3450291003
9 1981.00891930699
10 2037.63131709855
11 2020.46015431796
12 1962.7448131407
13 1982.41453398331
14 2015.46025413252
15 2024.04907413876
16 2013.06637430813
17 2041.88861002732
18 1944.16650599601
19 1986.17249487117
20 1972.10876981467
21 2000.18609157609
22 2012.04963286072
23 2018.65836592456
24 2021.53697108131
25 1961.89139882475
26 2016.85967024237
