V1 V2 V3 V4 V5 V6 V7 V8 V9 V10 V11
1 0.00193444304328839 -1.91611713730303e-05 -3.32645718589928e-05 -1.49040434922722e-05 6.36477278911481e-05 0.000191420716498963 0.00036635785103785 0.000564355879063301 0.000781661849928046 0.00100921137467614 0.00123734620123376
2 -1.91611713730303e-05 0.0199495784482963 0.0278679625925858 0.0283611149217745 0.027164999941131 0.0266526642610763 0.0266639736080042 0.0267422767275039 0.0267951595434682 0.0268411783773644 0.0268869413775428
3 -3.32645718589927e-05 0.0278679625925858 0.0442413124771082 0.0454754906778121 0.0431037803154509 0.0420491590330063 0.0420605942301487 0.0422181000147026 0.0423268520518462 0.0424219823799469 0.042516601321664
4 -1.49040434922722e-05 0.0283611149217745 0.0454754906778121 0.050369058419756 0.0474212338095375 0.0456009060689852 0.0454668080681743 0.0456869469003377 0.0458679973694499 0.0460318747061746 0.0461950555764891
5 6.36477278911481e-05 0.0271649999411311 0.0431037803154509 0.0474212338095375 0.0474629786936587 0.0450437142092285 0.044327076469535 0.0444307922563379 0.0446380704975579 0.0448443648227232 0.0450503667131239
6 0.000191420716498963 0.0266526642610763 0.0420491590330063 0.0456009060689852 0.0450437142092285 0.0453856509512505 0.0440275886449951 0.0434984645406709 0.0433762982507797 0.0433136124150024 0.0432526763164818
7 0.000366357851037851 0.0266639736080042 0.0420605942301487 0.0454668080681743 0.044327076469535 0.0440275886449951 0.0454550700699271 0.0444483421345618 0.0435140080939801 0.0426584704292643 0.0418063321499546
8 0.000564355879063301 0.0267422767275039 0.0422181000147026 0.0456869469003377 0.0444307922563379 0.0434984645406709 0.0444483421345618 0.0471857328406696 0.0471292110636193 0.0467591755401141 0.0463812719365712
9 0.000781661849928046 0.0267951595434682 0.0423268520518462 0.0458679973694499 0.0446380704975579 0.0433762982507797 0.0435140080939801 0.0471292110636193 0.0551447150658149 0.0617526134610436 0.0683134871180763
10 0.00100921137467614 0.0268411783773644 0.0424219823799469 0.0460318747061746 0.0448443648227232 0.0433136124150024 0.0426584704292643 0.0467591755401141 0.0617526134610436 0.0865422190131825 0.111226014209721
11 0.00123734620123376 0.0268869413775428 0.042516601321664 0.0461950555764891 0.0450503667131239 0.0432526763164818 0.0418063321499546 0.0463812719365712 0.0683134871180763 0.111226014209721 0.166601893420632
